66 73 2067
31 17
42 72
0 30
18 65
7 53
7 58
9 57
0 27
6 13
48 13
30 65
53 58
54 0
40 23
4 15
30 41
5 34
28 25
23 29
50 28
47 15
42 46
65 58
26 34
65 29
1 8
12 0
12 21
51 2
1 13
32 47
18 16
14 27
14 29
63 58
18 51
42 51
47 3
51 55
57 68
19 2
32 14
65 72
18 10
32 13
26 63
28 69
54 60
1 29
58 7
55 63
24 49
10 19
38 15
19 32
13 47
41 31
27 41
55 25
0 34
14 62
55 45
58 55
40 55
4 13
16 72
41 29
65 21
41 33
62 64
33 63
28 20
2 43
64 13
47 0
0 39
14 4
40 63
12 71
46 3
5 58
48 53
15 68
60 16
37 17
64 35
22 42
2 62
26 70
30 53
27 5
27 43
56 47
49 24
26 4
6 31
53 59
62 28
31 47
41 41
3 62
22 32
58 50
23 44
23 36
1 2
13 62
57 63
4 27
16 41
45 7
14 28
3 26
34 71
57 40
28 71
19 9
46 58
48 9
24 8
28 65
35 55
58 16
43 56
6 16
37 45
51 17
48 34
64 44
13 20
51 0
53 72
40 66
20 11
44 12
31 52
36 12
59 23
62 10
21 26
37 5
29 7
49 21
40 52
44 27
7 67
45 24
64 45
29 59
59 51
40 10
49 12
46 32
28 8
2 40
19 5
41 38
59 29
5 47
27 40
65 7
27 46
56 59
56 13
54 13
54 46
44 37
25 37
56 0
38 63
48 27
62 45
36 72
31 13
64 26
54 53
38 72
7 61
10 63
4 28
61 23
28 54
18 20
10 41
58 29
31 64
50 22
28 2
51 6
50 43
31 44
13 28
6 33
9 36
23 50
0 71
52 24
53 31
3 59
27 59
12 36
50 18
61 27
15 60
55 15
0 52
22 36
33 69
26 0
32 5
30 19
23 67
10 2
46 13
6 7
45 27
61 60
55 66
7 22
38 47
18 37
62 21
21 45
11 66
47 59
22 50
47 29
7 33
19 12
25 67
42 56
38 68
43 20
64 31
52 16
46 7
3 27
36 45
10 14
11 11
38 53
48 19
61 13
38 60
11 7
14 30
19 25
3 56
38 20
36 28
19 52
49 63
42 69
36 53
22 43
44 40
41 25
57 6
11 36
20 42
59 45
6 62
10 26
16 50
55 18
64 32
57 72
7 44
18 0
58 36
21 42
10 57
4 0
20 1
41 70
12 53
58 52
0 31
46 1
43 55
58 9
29 15
25 70
2 15
34 66
43 27
37 38
21 32
17 51
15 22
10 22
32 16
60 32
1 32
6 26
52 18
11 15
48 31
5 8
44 26
14 57
20 32
10 18
16 71
60 22
41 6
32 2
31 65
53 67
3 33
6 27
8 63
58 64
32 38
57 48
51 3
22 22
32 11
9 38
41 47
28 63
50 32
3 64
65 30
35 56
5 14
13 21
28 31
27 60
19 39
63 36
2 8
6 1
64 19
9 70
52 69
59 8
25 15
0 66
17 47
37 22
37 39
5 6
56 26
4 67
42 23
21 20
4 65
11 14
54 32
22 49
57 59
28 48
25 27
43 26
17 16
25 65
50 6
42 70
37 18
48 55
52 63
8 39
55 23
31 55
6 38
47 50
0 15
20 71
53 13
13 70
41 24
63 15
65 53
40 28
38 1
59 36
32 60
23 1
11 42
9 59
18 29
30 70
28 10
3 68
2 26
22 23
55 17
8 2
16 10
54 54
6 68
37 33
50 65
61 43
46 64
15 2
40 6
2 7
7 65
63 19
25 35
41 12
27 45
41 9
34 6
46 8
56 38
19 37
32 25
47 23
41 14
61 55
4 52
36 51
2 24
19 68
57 49
52 33
49 45
45 65
11 54
52 37
37 32
62 50
28 32
43 32
6 21
29 29
3 34
6 67
6 46
11 57
4 53
15 63
40 30
59 4
50 7
27 38
61 3
45 34
33 46
38 67
63 39
19 47
57 9
15 57
8 7
19 63
22 31
20 18
43 41
27 70
44 33
34 50
45 67
0 51
65 3
3 20
40 17
65 10
12 56
27 29
4 2
36 22
13 68
8 59
45 38
36 68
29 33
40 44
33 21
14 41
24 29
2 21
63 21
45 68
42 40
47 38
42 63
41 22
60 3
18 56
0 48
37 72
53 30
31 38
50 61
53 40
36 8
3 28
14 14
51 34
35 54
42 8
38 31
38 4
40 25
2 4
56 63
13 60
53 28
31 68
12 57
22 54
11 1
43 2
45 31
22 34
50 9
31 66
52 71
53 19
6 41
0 53
38 40
10 61
15 70
64 49
62 3
29 63
47 56
27 64
61 15
40 20
54 6
7 51
5 2
11 65
65 17
49 8
4 8
9 54
54 2
12 51
22 71
58 14
29 53
0 22
43 44
64 36
20 34
9 52
60 71
46 28
37 35
65 8
61 49
21 41
53 2
12 39
5 19
35 12
55 46
28 28
43 70
34 45
21 16
47 1
10 33
37 42
46 21
31 14
29 66
19 19
42 26
47 66
27 54
20 9
19 44
58 67
32 44
9 28
61 16
1 48
18 34
29 39
12 31
56 10
22 63
21 10
22 60
18 5
36 11
57 62
55 42
63 31
44 6
54 12
24 36
59 55
63 25
32 70
27 2
27 62
58 66
48 43
31 54
41 59
49 37
34 10
31 58
3 42
31 39
21 21
6 55
34 17
58 12
58 11
32 0
45 72
10 64
28 12
54 37
30 71
7 68
28 38
9 20
14 24
45 66
11 38
57 0
8 36
29 69
58 65
24 19
2 58
20 31
18 17
64 1
63 35
43 61
38 70
33 24
14 71
18 41
7 40
63 4
51 56
65 11
29 32
60 48
13 2
15 72
43 7
23 70
49 36
48 35
16 60
31 5
4 44
0 36
44 2
2 67
20 13
43 8
29 62
42 19
11 56
55 40
62 30
4 6
24 67
24 2
42 60
1 39
9 47
49 0
38 52
11 60
42 62
19 13
10 38
12 54
13 30
59 64
16 8
36 5
8 15
53 50
8 50
37 14
18 48
19 21
35 24
65 46
26 16
1 35
51 39
58 30
17 38
23 53
15 46
56 28
46 53
14 38
42 14
7 11
39 13
33 66
12 45
34 27
14 46
48 36
32 29
63 57
17 18
51 37
44 14
16 21
43 51
30 48
44 44
5 59
57 56
25 54
12 20
24 45
61 5
60 11
41 50
29 42
35 20
62 7
49 71
20 12
1 31
32 23
3 50
47 60
14 56
14 7
26 41
25 8
31 29
8 34
16 49
12 61
42 12
31 7
46 11
63 55
18 30
45 15
41 72
58 56
58 15
46 67
54 70
39 37
31 28
38 27
47 18
26 18
46 33
30 25
62 49
45 18
42 11
0 7
43 50
10 8
61 26
4 62
51 32
64 3
26 60
1 49
53 45
44 25
33 33
55 20
27 33
30 7
26 35
46 47
55 6
55 16
25 31
42 15
21 8
28 3
35 5
33 8
54 58
4 32
47 48
17 68
51 66
34 1
38 69
0 0
5 64
26 14
48 72
2 16
16 1
30 3
45 19
31 57
46 38
3 63
64 71
46 70
45 59
50 36
34 61
59 14
35 14
4 37
8 51
0 57
4 39
36 52
60 60
19 7
60 5
47 43
22 56
52 2
45 11
42 53
56 16
30 68
29 60
39 63
54 21
65 54
32 48
40 32
53 21
40 61
64 18
36 14
31 50
27 0
9 27
61 48
39 46
20 17
45 25
1 17
32 49
54 9
45 60
57 42
0 18
22 64
32 64
53 22
42 35
49 31
19 58
34 38
12 58
41 35
34 56
64 20
32 67
48 14
4 42
61 39
31 43
41 20
23 56
22 65
60 50
23 19
1 30
64 61
49 39
31 72
61 32
5 67
3 23
6 64
59 21
17 7
19 15
17 0
53 44
31 32
42 52
57 23
51 9
46 46
9 58
18 40
21 68
36 35
58 72
21 48
40 29
11 45
54 18
42 13
39 0
24 24
41 45
16 65
65 26
37 62
27 3
15 49
33 58
41 36
12 10
24 21
0 19
7 66
43 63
56 50
16 36
30 55
45 26
28 5
48 4
13 61
32 63
47 2
46 35
65 9
26 13
65 68
61 2
55 68
65 22
64 69
2 35
4 41
17 50
37 68
23 28
21 7
25 51
18 35
53 43
65 16
33 36
37 3
53 12
29 72
50 39
59 20
47 4
6 10
10 43
25 43
56 19
58 17
64 48
58 58
59 11
39 58
56 57
16 67
49 44
33 4
13 67
5 11
1 3
34 37
25 41
64 55
56 33
16 22
51 19
29 0
34 8
21 19
26 52
57 13
12 59
21 46
62 18
10 28
42 0
31 2
55 24
30 40
37 16
2 6
49 64
41 37
20 26
52 36
33 26
15 7
11 41
16 11
4 58
20 22
28 11
8 17
34 11
64 0
57 35
7 49
3 31
49 27
36 3
33 23
53 29
26 37
2 71
9 14
24 38
13 63
5 42
5 25
65 15
20 53
48 11
28 22
50 27
3 43
15 55
20 16
42 2
27 31
1 4
46 57
63 24
45 12
2 29
4 69
61 10
52 62
11 22
65 56
63 53
29 24
11 47
58 25
28 18
6 15
47 62
9 34
55 14
60 39
43 34
18 38
12 62
43 5
28 13
15 9
31 12
15 37
63 69
47 70
37 70
45 2
34 32
47 19
40 72
11 12
60 17
19 53
2 56
44 49
40 71
31 8
4 54
5 63
4 19
12 17
65 44
62 14
44 29
32 40
14 42
57 11
24 41
51 42
8 43
8 64
65 57
20 0
51 60
34 2
39 70
60 28
40 13
2 69
49 2
50 62
1 18
51 35
1 53
4 10
28 56
15 33
6 0
14 60
65 66
44 41
15 6
46 25
29 2
25 38
50 56
55 13
46 62
47 65
7 42
40 4
54 62
32 57
52 50
8 49
53 60
29 41
11 20
12 65
39 34
32 42
60 8
8 28
47 67
21 50
40 38
63 50
30 27
55 29
37 55
5 18
47 57
33 5
42 6
38 23
30 24
34 13
60 38
50 1
11 6
51 25
34 9
7 34
30 66
37 54
42 20
20 72
35 8
55 8
18 22
55 64
55 11
10 50
62 34
60 66
52 68
42 29
57 47
61 56
8 61
3 22
19 50
44 58
44 7
50 14
2 33
55 27
48 26
21 36
35 37
36 66
64 43
48 5
15 13
20 36
58 71
63 34
15 3
35 44
0 21
41 68
23 30
59 52
61 22
5 44
43 71
8 8
45 20
39 17
44 38
41 56
20 24
46 61
34 0
25 64
16 53
50 33
30 63
29 12
41 13
23 15
13 54
29 52
57 32
2 5
51 68
64 21
8 70
54 25
21 62
47 41
18 27
26 6
17 5
16 29
43 54
14 64
52 30
22 5
47 52
23 5
26 64
58 45
59 24
63 1
48 48
62 51
43 49
53 11
2 45
20 59
11 2
31 34
49 56
10 69
48 7
3 17
14 3
43 28
2 39
41 57
0 14
0 2
63 12
36 58
42 66
10 55
35 27
41 62
21 9
63 8
37 46
48 59
59 26
3 66
61 28
47 55
38 44
8 29
44 52
19 30
21 61
29 6
18 46
32 39
47 5
58 21
53 35
43 15
0 16
11 71
3 60
34 30
0 32
45 52
20 54
64 52
30 58
17 22
0 9
1 42
28 43
45 46
43 1
30 2
27 30
27 57
2 22
18 66
30 42
46 55
18 24
60 25
59 10
50 0
14 45
38 39
52 42
36 9
7 10
8 1
21 18
2 2
48 1
32 43
62 5
26 44
9 40
17 1
38 49
60 57
37 24
13 65
25 10
0 55
11 63
41 69
26 42
34 58
5 53
27 16
55 10
44 43
61 12
64 16
57 66
52 40
5 4
3 6
39 12
9 19
35 63
27 12
64 65
24 22
57 10
65 69
29 34
29 40
61 62
56 4
49 62
12 19
43 35
35 62
52 22
32 62
41 60
4 26
55 60
8 10
44 9
25 16
26 66
39 6
21 25
49 54
45 1
58 59
16 4
8 18
35 19
2 47
17 63
20 15
18 19
22 3
55 31
30 35
58 57
23 64
47 6
23 13
28 50
21 66
22 55
34 53
37 49
12 14
62 69
33 35
31 22
43 36
43 13
48 28
32 61
28 53
19 26
1 33
32 32
11 49
45 29
40 59
53 52
37 15
64 66
10 34
58 53
45 3
58 49
42 45
1 23
43 59
10 54
39 71
26 48
38 3
62 19
50 46
36 23
39 25
24 20
10 42
25 3
0 38
16 42
6 24
50 63
63 60
26 20
16 54
57 61
43 64
57 71
36 33
37 0
30 17
7 56
12 64
3 46
21 54
33 38
44 69
54 11
53 8
4 29
17 60
35 60
10 62
13 5
56 18
2 54
15 69
54 66
10 1
3 45
4 20
10 39
61 52
17 62
35 39
35 7
40 47
18 4
63 17
47 20
13 53
47 39
20 2
14 65
40 56
22 6
63 7
45 55
36 55
58 3
29 30
61 29
26 29
65 32
41 54
36 7
63 3
9 10
48 49
40 69
34 46
56 2
28 61
23 46
8 30
46 71
20 23
26 10
59 72
36 27
54 49
27 21
8 54
22 35
35 46
29 14
25 40
20 5
39 60
56 55
49 9
44 71
47 10
47 37
4 72
60 42
43 42
27 11
11 40
36 63
52 29
36 48
17 56
2 41
28 26
39 24
52 20
62 52
3 67
6 28
10 72
49 38
47 54
50 54
63 37
56 70
47 63
47 40
8 40
36 31
58 42
34 59
23 2
0 49
29 51
12 1
61 4
59 38
62 68
30 18
36 47
36 59
45 58
26 11
59 27
56 29
1 7
18 1
60 72
25 55
11 4
58 5
53 68
62 16
50 52
53 0
65 60
63 41
9 13
34 25
48 24
36 62
38 48
41 19
14 21
7 36
23 43
40 62
38 26
33 1
45 49
13 69
8 66
23 57
15 17
44 68
5 3
28 66
37 29
52 57
5 27
59 69
28 72
11 17
8 35
20 10
0 5
55 50
46 65
0 47
9 39
29 43
20 27
2 14
40 46
30 22
0 64
10 51
23 31
10 40
15 61
38 9
65 27
60 35
51 69
6 65
63 33
30 37
0 45
62 48
6 60
57 26
0 29
49 30
27 47
31 24
21 6
51 7
46 10
0 70
30 36
11 61
46 51
65 61
37 6
42 30
26 46
42 5
43 14
59 1
43 23
65 59
11 70
11 67
36 41
48 0
28 1
37 51
2 50
17 42
17 21
20 49
61 69
55 19
2 9
24 4
9 53
39 39
37 7
57 14
12 2
45 44
33 6
51 49
56 61
3 14
58 54
16 51
54 36
45 23
46 18
0 56
51 72
33 57
14 52
22 9
5 54
40 15
16 31
46 20
15 44
14 53
40 7
20 57
22 24
9 0
16 43
10 23
15 8
57 43
65 52
17 4
10 16
12 50
41 46
44 35
3 32
64 27
32 66
62 59
13 14
1 20
47 72
6 11
23 20
26 53
24 46
33 2
50 20
10 27
27 28
27 14
49 3
54 52
51 1
10 58
1 56
16 56
37 67
55 28
16 64
48 39
12 24
24 61
34 47
61 6
43 65
36 38
26 7
24 43
50 11
18 53
13 7
18 67
5 33
62 31
9 2
1 60
26 9
16 13
51 59
30 30
31 40
18 71
56 11
11 30
51 70
61 36
22 15
15 64
7 19
9 67
23 59
36 61
59 70
30 14
36 34
40 11
16 16
26 23
30 67
45 9
21 40
19 20
38 13
64 41
53 24
49 4
18 21
27 67
3 13
17 70
28 30
15 58
25 22
64 8
62 40
12 55
64 7
30 11
50 51
31 56
18 61
28 60
39 33
64 46
39 20
0 11
3 48
15 0
41 10
39 48
35 3
17 72
4 56
39 31
10 20
53 26
31 51
23 71
60 65
19 56
27 1
14 15
36 57
19 11
49 50
64 14
25 52
60 12
1 9
44 50
62 23
57 16
6 48
15 42
41 32
14 17
48 16
47 61
27 4
61 35
25 30
49 1
57 29
40 53
20 44
23 21
22 48
48 6
37 43
18 32
40 50
18 69
9 62
24 33
28 68
11 46
14 69
15 30
2 25
27 58
8 20
57 18
12 44
53 15
65 71
1 41
63 26
10 53
61 64
39 8
20 63
6 66
52 55
29 16
16 48
46 12
9 64
2 34
22 46
47 71
60 58
48 70
29 5
12 70
39 15
20 40
29 20
47 22
0 37
31 69
4 24
24 42
16 28
53 49
55 39
12 6
20 35
9 11
24 37
56 67
39 11
6 29
22 7
0 25
54 55
12 23
41 49
51 54
48 45
39 19
51 15
19 10
7 63
10 9
40 12
35 71
1 38
17 39
41 7
59 30
59 5
55 70
63 61
31 46
30 61
7 70
35 70
22 51
3 38
45 13
15 10
25 13
22 20
45 21
19 66
12 67
25 21
6 47
4 22
33 28
35 51
42 37
37 30
1 0
1 40
11 62
52 47
37 66
28 24
28 47
36 16
18 45
65 41
24 27
17 13
43 38
52 5
47 34
56 20
4 43
37 27
63 47
44 62
41 64
30 59
64 2
59 54
52 56
33 53
29 71
45 71
57 57
56 9
3 40
52 13
10 47
38 12
5 9
62 17
25 71
52 61
9 23
9 68
1 58
7 13
64 42
5 5
56 71
2 61
50 69
46 14
39 40
25 46
57 15
49 51
17 67
14 20
3 35
48 66
24 44
46 69
3 4
48 32
37 13
56 60
12 22
36 43
40 45
16 70
13 55
18 28
26 61
23 17
55 5
6 22
21 23
16 32
55 58
21 15
38 14
8 19
54 7
23 65
13 45
54 57
10 60
23 6
49 58
34 3
38 30
40 14
7 7
42 1
63 38
18 52
51 61
58 60
12 49
60 67
24 69
5 16
61 41
34 57
35 22
0 72
47 64
50 70
17 49
22 70
49 23
22 68
47 68
32 27
38 32
47 35
28 33
14 19
29 54
12 8
14 25
21 2
34 14
25 59
10 49
24 31
55 9
36 44
5 22
4 35
53 39
27 18
46 23
3 11
23 33
45 57
59 44
12 32
41 4
10 35
18 47
10 37
33 55
11 53
25 1
17 46
4 59
44 63
4 17
8 23
44 42
8 44
53 47
16 63
52 9
29 44
26 49
35 34
8 68
14 66
56 41
7 21
26 28
29 57
50 66
33 52