95 66 925
65 3
94 59
55 42
79 2
57 43
81 56
27 7
75 54
4 53
29 27
79 29
80 17
81 52
66 1
31 14
47 27
20 5
6 17
41 65
66 29
12 44
54 57
9 7
54 62
71 9
7 46
52 55
93 53
94 33
79 18
22 38
54 24
23 48
73 22
54 45
40 48
7 44
58 38
45 20
25 18
39 48
15 52
36 0
79 49
35 36
16 51
1 22
9 29
72 30
79 56
8 30
13 32
19 26
65 58
77 35
4 12
1 1
47 0
83 35
13 54
48 30
58 42
17 37
30 32
26 31
46 30
52 64
36 58
70 1
53 12
24 55
55 1
87 61
83 38
1 29
72 24
7 56
71 7
75 2
92 57
9 23
60 54
50 60
17 50
26 38
86 39
60 18
20 35
24 63
85 24
91 42
79 16
81 54
61 30
5 56
75 41
45 0
37 13
34 8
75 63
38 28
68 39
90 6
39 59
47 17
63 61
74 20
76 55
7 26
77 62
81 11
2 61
24 8
33 39
10 50
91 54
4 55
5 11
35 1
29 13
22 4
64 28
71 15
72 54
87 18
32 45
12 59
47 7
26 16
72 25
74 12
78 61
73 53
54 33
23 62
12 9
1 27
88 46
78 40
86 48
93 50
64 34
29 52
21 29
65 30
0 50
49 50
30 20
81 63
94 21
88 32
73 4
70 16
56 7
81 10
84 26
70 17
3 22
36 9
60 19
62 40
85 11
39 17
26 52
61 22
3 44
19 64
37 2
59 48
64 37
77 42
52 29
71 61
51 3
25 51
72 27
72 64
73 1
39 58
45 55
43 38
85 21
78 29
66 19
52 34
41 41
5 60
56 51
49 38
17 5
50 26
86 58
75 55
55 65
51 8
42 29
57 22
15 13
55 53
27 41
88 61
56 19
11 62
5 39
77 13
22 44
83 61
39 55
17 9
84 18
72 42
49 48
26 51
43 41
36 55
10 58
7 17
15 24
61 32
48 32
52 59
93 10
23 11
71 55
41 60
35 44
18 7
65 35
1 12
47 2
56 24
69 19
10 14
30 31
46 12
10 63
15 6
35 27
60 55
87 17
41 23
92 45
3 20
45 52
69 61
41 49
21 59
37 5
41 24
36 22
36 51
68 19
34 60
28 37
65 21
37 6
90 59
7 2
17 48
48 39
52 54
57 0
16 57
10 5
43 23
30 5
8 14
84 6
8 36
52 28
34 49
48 56
6 5
89 45
30 47
22 13
8 2
49 7
85 48
23 19
2 38
56 10
65 55
77 57
34 33
27 8
60 46
48 18
42 28
19 34
47 59
64 11
76 11
88 38
74 2
2 54
65 34
68 35
85 20
62 12
59 51
29 0
33 20
78 43
51 6
62 63
1 59
71 65
52 26
29 59
16 32
62 3
8 47
12 26
85 34
84 36
24 43
17 13
25 21
60 2
9 17
82 32
88 3
3 13
46 15
5 4
41 20
89 46
75 51
91 24
64 60
76 27
13 50
64 5
26 30
0 43
87 36
24 53
24 49
39 64
14 13
66 40
32 58
52 14
13 6
85 27
65 46
87 49
0 55
45 19
10 45
44 39
62 31
90 36
1 41
63 7
30 15
87 56
23 10
71 49
18 47
41 48
45 44
20 19
44 3
22 58
85 10
42 51
90 40
4 56
25 49
24 1
78 28
8 45
42 32
13 60
81 29
82 9
39 15
5 36
16 41
23 16
81 21
61 12
67 26
33 56
88 50
1 5
51 53
48 44
94 32
6 21
10 13
17 32
44 56
64 30
84 7
13 42
29 10
29 1
64 63
19 62
13 9
91 5
92 17
40 28
66 37
31 29
66 27
35 42
74 48
1 57
58 59
66 57
49 21
83 30
38 21
84 35
88 1
46 26
28 58
46 51
2 43
48 38
74 55
81 7
38 20
64 56
55 61
57 12
23 52
6 41
0 35
40 5
87 33
88 54
75 5
72 33
14 52
58 48
15 31
36 64
84 60
17 40
56 17
79 1
42 60
66 7
86 1
60 44
30 12
71 25
31 59
9 47
87 53
68 27
43 37
85 29
68 23
43 47
5 23
10 48
59 46
85 17
51 59
45 64
52 19
72 20
11 27
36 43
47 51
5 44
29 48
87 39
84 33
36 26
25 27
74 26
41 16
69 32
29 2
43 45
39 29
94 9
10 7
85 39
65 61
75 16
79 23
88 8
76 20
84 30
30 35
18 32
78 9
53 38
28 24
7 50
42 9
43 22
3 46
43 4
47 36
26 58
94 42
74 61
72 61
45 31
69 0
76 57
66 45
68 15
45 34
36 65
50 24
81 57
24 18
90 39
93 46
3 16
88 10
18 46
6 28
39 13
11 16
26 36
59 35
46 16
47 28
22 9
42 23
5 42
72 18
39 9
70 49
63 58
17 17
78 33
72 11
14 15
85 6
91 23
12 11
7 65
67 42
56 25
2 36
6 48
67 28
92 7
41 15
31 48
61 47
53 61
36 52
71 5
11 10
46 59
25 36
70 38
70 19
41 9
91 51
48 8
30 30
58 56
38 54
75 7
64 65
85 45
76 0
84 21
47 57
23 56
71 27
62 64
60 65
4 57
72 28
87 6
41 55
14 28
21 23
25 33
15 28
39 22
57 8
24 59
59 20
21 42
31 51
55 47
51 25
32 26
94 24
57 6
16 59
32 61
39 28
90 0
67 46
91 45
21 12
22 41
2 51
9 42
44 16
58 31
34 32
18 33
9 39
17 59
28 52
89 26
15 45
1 19
28 31
49 55
4 26
2 45
43 29
54 5
65 56
19 18
36 37
21 64
57 56
49 58
38 59
86 60
83 33
73 32
54 13
92 37
33 22
68 26
33 2
19 14
66 59
11 23
73 37
74 33
48 2
73 25
13 61
65 47
51 7
16 61
25 50
10 31
4 42
57 36
93 49
57 28
39 23
40 13
23 31
61 20
45 8
34 27
66 8
70 15
93 6
49 32
92 10
94 29
37 45
80 5
23 38
43 61
68 60
17 3
56 9
24 32
25 24
23 49
91 39
62 20
3 2
79 0
53 4
78 15
46 9
20 28
72 47
87 0
35 52
46 54
4 45
25 28
62 22
87 44
88 39
92 48
73 58
62 1
44 58
58 7
87 32
78 4
81 19
11 36
74 15
61 63
10 8
69 16
7 54
35 49
9 11
58 22
28 49
77 46
17 21
80 12
18 3
40 30
78 5
41 8
72 10
6 60
25 64
20 44
54 26
7 9
32 35
87 19
85 14
42 41
67 32
19 37
43 15
30 34
61 54
10 60
45 42
9 45
20 62
9 2
18 65
74 28
30 14
77 31
92 65
59 15
69 39
81 25
6 42
20 3
12 50
76 46
22 20
82 2
51 42
64 18
26 23
57 63
87 55
43 26
73 16
19 31
24 19
67 11
58 43
75 20
36 50
72 55
63 18
32 39
77 56
58 30
89 4
53 50
24 46
49 28
15 27
2 44
62 34
93 51
57 14
66 13
93 37
55 63
89 3
92 25
94 25
83 55
65 17
72 22
70 0
61 40
51 16
13 59
89 65
76 15
4 11
5 33
65 43
14 32
18 21
40 58
45 24
68 32
87 34
12 56
44 5
86 6
45 51
78 27
82 43
6 58
74 53
81 62
67 0
29 36
36 2
48 22
75 1
11 58
54 1
35 40
16 35
90 21
50 29
43 60
53 44
36 10
32 42
14 19
81 35
57 58
70 56
91 64
85 37
38 24
53 56
53 2
20 12
2 34
64 42
65 29
39 4
47 19
16 52
13 34
26 65
10 41
66 35
91 18
54 27
5 57
42 3
79 14
92 60
44 10
26 53
84 39
46 3
78 26
25 25
27 2
36 12
54 8
9 35
12 28
69 55
71 3
25 54
32 38
11 57
92 14
74 54
62 62
58 50
87 1
47 38
70 25
58 12
48 27
31 64
91 57
80 16
12 8
13 56
17 30
28 51
72 1
77 33
77 23
5 51
12 41
28 5
25 45
92 24
45 57
86 14
7 33
76 1
74 56
9 19
72 21
19 33
88 11
49 64
6 19
47 9
65 33
80 30
26 6
72 0
29 4
15 36
63 27
14 21
16 62
34 48
38 57
20 60
65 60
30 58
34 59
74 16
76 58
94 40
68 31
37 39
22 34