42 99 3195
18 59
32 27
23 98
2 15
19 98
13 12
23 8
34 0
10 45
7 48
32 70
36 31
1 77
13 59
26 79
21 17
0 11
35 10
17 95
33 90
15 51
6 7
24 62
32 42
40 30
0 30
6 49
14 16
40 84
41 33
7 82
11 68
0 98
27 53
10 86
30 2
32 8
29 16
24 68
39 20
36 22
30 39
24 4
31 56
21 46
31 60
16 10
34 94
23 86
1 45
3 13
41 55
19 62
13 50
21 52
10 42
30 85
21 55
40 67
2 56
16 64
39 75
2 71
35 30
7 33
18 23
22 97
9 33
37 40
9 86
41 80
11 24
34 44
29 3
3 60
32 60
7 20
37 18
33 13
19 85
34 54
6 45
26 28
8 94
31 57
13 68
8 67
37 82
15 53
8 10
23 3
21 0
31 46
22 60
27 34
38 0
31 48
6 62
19 10
35 31
4 65
26 4
3 50
28 87
16 35
24 65
33 80
29 19
20 45
41 5
3 22
39 83
30 86
4 6
22 6
2 63
10 27
14 7
33 0
23 96
4 90
32 76
18 57
20 0
33 95
1 25
26 50
15 68
35 83
10 58
9 19
36 85
6 32
36 3
4 66
33 87
17 42
25 71
15 82
0 47
6 52
19 61
36 1
26 69
31 22
23 59
9 72
3 37
19 30
20 2
31 58
41 31
20 9
3 44
41 20
34 17
21 89
3 30
37 65
4 98
15 43
27 9
17 79
24 69
0 22
31 66
14 35
2 12
7 41
27 41
8 23
14 58
18 37
33 30
11 85
15 60
10 10
25 40
18 17
5 95
25 2
18 78
6 27
4 83
5 86
15 31
20 56
12 80
4 10
23 60
23 77
31 71
2 42
25 94
12 58
20 91
6 60
27 96
8 12
9 17
8 63
3 35
7 59
5 69
35 53
10 12
38 28
40 32
17 83
34 64
28 77
2 44
21 47
41 70
24 25
13 58
5 30
35 34
17 8
0 17
34 73
31 37
6 8
33 78
7 31
17 5
11 66
23 34
21 6
35 82
36 62
34 31
40 44
18 7
5 56
41 28
23 67
16 53
41 26
29 75
19 13
11 41
14 19
20 53
22 89
21 98
10 49
7 75
11 16
24 36
28 42
36 53
38 84
26 15
37 73
18 94
32 9
26 59
34 59
19 96
13 85
12 72
19 5
30 67
15 9
3 6
36 90
9 32
9 18
41 8
28 48
20 49
31 93
7 12
11 17
0 21
38 6
9 66
9 75
12 64
39 66
12 62
23 37
19 27
21 8
23 1
32 79
40 37
22 62
10 80
35 32
10 28
32 34
39 61
39 58
40 33
7 22
15 47
19 78
7 92
32 30
13 35
25 32
21 92
17 21
1 96
25 52
13 32
4 24
9 89
33 53
30 22
24 21
21 65
41 42
24 30
22 47
35 81
4 25
9 5
13 81
6 74
15 2
9 29
14 29
8 49
33 84
14 92
25 48
21 72
10 62
27 71
26 0
5 13
10 51
22 70
25 37
4 50
5 98
8 98
37 49
8 19
24 41
18 82
25 70
25 9
5 37
29 27
5 85
19 59
9 28
41 41
17 80
36 38
28 0
18 49
16 68
8 22
3 29
6 34
36 48
17 25
3 8
27 49
1 85
3 88
1 13
29 5
30 84
36 72
39 55
40 40
29 14
30 11
26 9
28 33
17 98
0 4
24 32
0 48
21 68
0 23
2 92
19 38
24 22
10 17
39 73
10 81
4 3
30 17
22 73
32 69
29 68
12 78
13 92
29 46
22 22
41 69
26 14
17 91
26 71
0 49
31 67
9 48
15 50
27 30
1 24
0 6
17 56
7 64
27 35
16 19
3 71
18 54
13 11
38 51
36 95
16 14
4 79
40 68
10 77
30 21
32 3
23 27
30 71
15 54
16 61
35 85
28 60
19 1
15 49
8 40
28 51
41 27
36 96
37 94
17 88
17 85
6 6
18 68
34 46
18 36
14 60
24 71
7 55
24 52
39 26
31 64
32 50
12 12
38 31
21 67
29 78
32 7
31 96
33 24
19 24
2 45
40 56
37 52
29 61
36 68
3 48
8 41
7 32
28 46
11 72
10 30
23 48
33 10
13 90
40 60
39 46
1 17
17 86
20 85
11 50
26 44
1 91
27 21
31 55
6 10
20 64
31 17
21 64
15 52
35 91
24 8
5 89
1 5
38 25
10 21
30 68
20 32
41 7
23 21
4 60
13 19
35 51
7 95
10 57
28 56
33 48
9 88
33 68
27 10
12 10
24 87
37 81
39 49
38 57
29 98
22 35
35 64
6 33
13 41
29 25
12 32
19 17
27 43
11 14
29 97
8 87
18 48
23 36
31 12
38 49
29 51
0 97
15 56
22 57
41 3
16 78
15 74
35 92
8 20
7 8
1 2
32 53
40 16
36 67
19 90
3 85
38 62
38 48
38 64
0 52
17 13
41 67
41 29
12 82
37 60
7 90
21 84
36 14
1 80
31 51
31 7
6 46
41 73
25 20
40 86
40 6
17 32
11 54
4 51
40 54
8 26
30 18
40 9
8 24
9 50
1 64
23 42
12 39
15 55
41 48
29 85
2 16
23 0
25 69
4 88
29 9
28 20
35 76
39 35
30 80
17 66
20 3
25 53
16 70
23 46
40 76
41 77
11 67
31 89
14 18
40 42
27 98
24 0
23 91
25 96
27 28
35 61
14 17
23 4
14 48
4 84
32 54
23 39
41 96
0 9
6 63
15 42
7 46
20 88
14 44
24 73
36 84
37 58
9 94
27 3
5 58
32 96
0 43
41 51
18 26
21 11
5 53
27 94
39 43
16 16
27 64
38 73
22 55
21 3
29 34
15 98
12 24
5 87
10 93
27 77
6 61
24 72
39 11
22 15
27 68
25 54
32 98
27 36
22 16
14 6
0 40
30 9
24 35
9 74
7 52
33 7
21 39
10 59
20 17
2 70
34 12
33 73
26 12
28 84
30 66
10 13
35 39
12 67
4 56
3 72
0 2
22 50
4 11
25 61
1 31
0 63
35 86
41 12
39 45
38 94
2 89
39 63
0 59
12 4
16 86
23 92
7 16
8 89
35 26
21 80
33 26
9 92
23 95
28 79
29 22
17 68
28 1
30 61
32 83
15 1
37 5
4 96
22 85
38 33
8 28
14 34
30 69
29 49
13 7
5 51
38 93
0 1
1 52
10 65
29 2
4 13
5 47
28 35
40 5
41 74
7 73
32 37
0 69
18 4
4 70
6 51
14 38
14 77
4 97
39 78
19 25
20 90
13 86
3 17
41 2
33 57
15 30
41 92
29 37
30 57
35 68
8 14
5 57
32 13
4 95
12 57
18 32
33 50
18 1
20 93
22 80
32 95
3 61
38 34
8 37
9 2
6 81
8 56
41 84
30 94
37 21
30 41
10 24
5 24
10 40
11 45
30 63
9 22
39 67
9 6
4 23
12 46
7 15
27 62
11 35
5 64
39 14
26 1
32 28
34 91
0 16
38 22
7 71
20 66
26 80
16 27
9 21
27 90
17 52
30 38
19 55
5 82
36 7
0 76
21 94
6 5
40 61
12 35
4 91
41 18
32 84
29 92
36 26
0 74
40 43
21 27
36 21
20 77
26 32
24 98
37 32
13 95
14 40
10 94
34 53
9 53
27 58
23 31
16 24
8 50
4 7
1 54
34 24
0 83
36 71
29 8
23 11
31 3
25 45
21 42
6 29
39 27
28 45
15 36
9 68
20 24
32 23
4 33
41 75
18 60
33 20
11 38
33 61
31 32
22 61
20 51
19 47
41 11
12 0
0 85
33 56
18 93
18 81
27 69
13 78
7 0
21 97
16 55
17 12
32 78
39 82
13 45
19 18
38 21
17 6
15 86
16 79
30 19
39 85
38 95
0 87
29 29
34 58
30 97
8 80
19 12
35 1
20 6
41 91
23 55
29 67
7 3
7 60
13 47
10 22
32 19
37 31
15 80
6 92
35 22
22 90
35 12
36 70
9 64
15 78
11 47
24 20
30 34
18 89
8 72
18 0
10 53
13 84
36 16
22 46
10 75
28 29
8 42
26 34
21 62
41 44
22 21
24 74
37 15
20 13
0 36
30 53
24 14
15 24
19 26
33 81
27 51
25 38
31 38
17 3
31 16
11 95
36 39
1 33
41 50
18 14
13 76
17 76
36 41
35 48
35 65
14 85
41 6
38 76
19 71
5 26
10 60
17 17
0 72
14 79
39 54
8 70
35 75
20 34
17 97
7 63
23 24
12 27
3 24
18 31
19 68
20 25
28 75
2 33
5 10
1 95
14 43
31 19
11 62
19 28
14 42
19 2
23 93
30 72
12 28
8 4
33 29
39 88
22 58
38 37
18 40
40 21
12 53
23 33
34 4
38 35
0 58
26 64
38 2
39 16
26 54
24 33
39 23
9 31
21 83
38 69
21 48
25 72
2 8
24 50
14 55
30 65
0 92
6 77
23 32
11 26
2 39
21 85
26 40
37 45
24 84
5 31
18 22
34 84
27 54
41 32
25 63
1 8
34 60
0 79
7 93
5 4
6 98
9 38
13 60
8 58
36 89
25 11
20 57
20 18
32 97
3 91
26 60
1 26
24 55
17 53
5 3
13 20
40 88
34 19
21 93
33 83
19 32
10 26
29 89
36 20
32 20
2 34
37 11
28 62
13 22
19 11
24 3
16 21
16 46
8 82
21 53
37 93
15 32
32 11
10 67
35 13
31 21
28 14
9 20
12 36
16 5
10 78
14 75
4 86
39 86
13 43
27 1
32 56
6 78
12 74
33 43
17 77
37 34
15 13
22 43
0 96
6 42
29 84
22 63
18 66
32 67
17 84
13 30
29 66
41 1
39 64
4 40
12 81
28 8
30 10
0 73
5 44
2 38
19 57
6 41
0 64
38 63
33 40
11 15
9 37
26 22
31 36
3 5
33 72
31 73
29 36
38 36
15 33
37 4
26 17
35 66
15 88
15 90
12 65
17 43
25 68
9 44
3 75
13 87
0 86
8 3
14 13
11 77
31 1
25 18
28 98
40 28
39 29
11 75
12 15
31 63
22 82
10 84
26 53
5 70
11 32
28 34
25 30
34 30
38 39
21 7
10 85
2 55
8 13
31 25
21 34
9 93
14 37
17 10
34 88
33 14
23 66
40 1
38 54
10 18
25 76
34 38
31 75
34 50
14 32
11 13
26 98
32 89
18 77
9 45
40 17
39 52
33 76
5 50
0 3
5 34
34 8
15 3
34 93
5 92
41 13
19 52
17 48
8 46
29 38
28 68
8 31
2 35
20 12
5 22
20 71
9 47
13 94
4 72
6 87
10 74
1 68
32 26
4 67
38 60
34 49
22 65
10 90
7 42
7 36
5 96
39 9
25 92
20 68
20 27
35 20
10 69
3 10
25 44
7 86
29 47
11 69
10 16
41 16
0 78
11 70
10 39
6 93
16 67
27 65
39 28
7 88
18 62
0 70
22 23
35 25
27 15
20 82
10 6
2 53
3 67
8 86
29 57
39 39
10 31
34 33
23 71
5 80
29 88
7 89
10 66
30 95
26 96
0 91
11 29
33 75
12 63
1 32
17 33
16 52
14 54
31 47
39 81
6 71
8 17
40 46
1 12
37 70
38 24
21 54
24 1
34 97
21 44
13 61
30 96
3 47
6 12
37 28
36 49
36 42
25 14
33 23
19 34
28 23
13 29
37 47
0 38
28 17
33 70
35 43
29 52
35 15
10 3
41 45
26 89
38 30
12 18
2 29
29 86
4 14
10 35
37 27
20 78
5 61
10 71
9 90
16 87
14 62
38 86
12 33
0 90
5 46
3 86
14 27
25 95
41 87
1 75
6 57
22 88
23 38
35 28
22 5
31 69
29 62
7 4
16 39
23 76
12 38
13 71
40 34
39 53
35 72
14 14
2 52
37 37
2 74
19 88
28 43
5 52
35 27
27 81
32 31
27 14
10 7
27 32
31 28
13 42
17 1
26 62
19 48
21 63
13 56
11 76
6 30
9 61
12 8
3 31
16 76
5 54
38 56
32 87
1 70
31 90
0 14
35 38
12 23
14 53
2 73
22 10
35 74
33 82
14 47
5 60
26 85
16 92
40 10
41 24
2 20
18 29
3 53
9 76
31 5
23 94
11 92
24 78
18 2
39 10
33 12
28 83
18 5
26 30
3 54
32 43
35 95
9 82
7 28
17 40
9 4
33 45
14 49
18 52
30 92
36 75
39 33
27 37
33 44
15 73
32 82
10 2
18 25
3 15
19 75
7 26
26 8
22 39
30 13
29 1
20 75
34 23
21 51
5 28
18 76
5 41
0 8
18 12
2 68
11 98
14 50
29 0
22 2
6 48
10 37
6 44
17 20
35 80
23 7
11 52
7 6
41 54
38 3
7 81
40 35
32 68
36 92
32 40
26 65
12 56
3 82
4 89
4 29
32 90
34 35
37 54
7 57
24 60
41 66
24 51
19 63
7 56
10 43
30 45
6 69
34 36
35 49
28 63
14 1
38 66
8 45
32 81
40 11
21 95
14 5
40 91
37 8
2 6
2 78
37 62
23 9
39 30
21 45
7 61
14 63
39 77
40 23
28 95
35 47
30 89
24 91
17 35
16 17
2 24
2 79
27 86
26 41
22 8
10 20
22 45
23 14
41 61
11 1
20 16
19 92
25 22
21 18
0 0
2 21
16 75
28 86
12 86
30 42
39 60
2 82
30 52
23 68
28 97
24 26
0 50
37 80
12 3
32 39
9 87
32 80
37 13
18 24
5 7
12 26
12 51
14 4
40 13
4 8
15 65
32 86
23 58
37 10
2 58
9 35
9 26
34 15
40 49
10 48
20 67
15 85
24 66
14 30
4 21
24 93
18 69
39 13
38 1
26 43
13 34
11 71
25 34
11 46
32 61
1 11
36 8
35 89
15 46
21 12
29 43
3 63
25 1
5 65
5 55
2 64
6 11
35 24
3 94
38 77
19 83
20 47
16 40
16 91
13 16
13 17
11 8
31 53
34 74
29 58
27 11
27 6
17 58
22 44
18 95
31 98
12 55
17 65
40 81
17 29
27 16
9 69
15 67
6 82
14 46
24 11
0 33
11 49
36 57
14 84
5 48
20 33
3 65
3 77
36 93
2 0
7 78
30 26
29 30
36 79
30 12
29 93
11 59
18 38
34 22
40 26
40 87
10 33
12 29
0 32
1 3
26 16
21 35
26 91
38 52
38 82
24 18
11 81
11 65
26 73
15 83
34 89
16 9
16 0
34 16
41 52
6 28
27 78
28 81
18 42
31 78
11 93
26 70
4 43
40 4
28 90
24 92
22 36
19 37
40 85
14 59
30 81
35 78
3 51
1 36
29 44
21 23
15 89
18 84
11 58
1 76
36 73
18 56
39 94
35 84
32 22
34 71
16 77
1 30
31 4
28 70
8 74
37 0
20 46
18 72
4 45
34 92
13 3
38 11
36 37
5 1
3 74
16 54
5 84
10 11
12 71
34 1
0 39
2 83
37 56
21 96
28 66
12 59
40 62
24 75
13 38
17 60
32 2
19 31
31 26
36 32
7 23
26 63
0 61
16 93
2 93
16 34
10 97
4 9
12 68
3 83
7 40
11 96
27 50
27 48
23 75
36 34
32 62
13 18
13 25
17 23
20 36
33 36
34 87
19 0
26 81
22 7
1 57
37 85
35 87
23 22
4 93
9 16
36 24
16 81
0 37
31 85
26 90
38 78
22 81
27 85
33 55
15 34
12 90
33 32
34 47
25 57
4 31
30 76
22 93
7 17
34 43
25 65
15 81
23 80
41 43
28 55
22 79
11 27
7 91
12 30
35 59
36 56
0 19
8 0
18 90
30 4
2 60
9 23
31 20
2 90
30 46
39 79
30 73
35 93
22 34
11 89
36 4
16 29
8 95
40 50
32 24
12 83
30 35
19 94
25 41
19 69
9 11
28 50
0 20
24 96
39 17
37 97
22 83
23 26
10 88
13 55
16 37
26 27
25 67
17 81
2 80
17 71
37 98
13 74
22 71
5 59
22 40
27 2
0 82
29 91
16 1
21 50
18 53
33 33
8 5
8 36
20 40
23 78
39 89
25 97
8 96
20 8
25 17
5 66
13 26
36 66
12 16
18 65
6 64
33 4
12 69
41 21
26 84
12 9
2 19
20 60
23 70
34 18
24 5
18 50
7 24
24 49
16 73
25 42
17 4
14 94
17 89
35 3
21 41
1 15
34 27
25 85
2 67
12 40
9 34
35 94
3 80
33 63
18 39
34 26
19 80
16 48
3 52
41 72
1 63
8 51
33 92
25 16
1 82
36 60
32 63
9 95
27 76
11 94
10 4
15 62
26 23
31 44
36 63
1 84
30 5
17 72
10 95
29 55
36 28
14 10
4 92
18 83
23 51
24 83
7 5
0 18
4 18
20 97
11 33
16 98
15 21
1 39
1 58
40 41
24 89
8 73
20 14
4 27
39 56
6 73
20 31
20 62
2 88
31 88
22 67
41 22
11 51
21 1
8 38
16 6
26 20
38 50
40 79
27 91
19 19
3 70
25 49
15 16
34 51
29 42
12 66
37 83
24 7
32 92
41 17
38 61
21 86
31 18
10 68
11 73
25 77
9 27
4 53
41 86
26 2
34 67
21 40
19 39
29 56
13 24
16 31
22 41
30 40
29 13
7 53
20 44
34 61
30 37
21 43
3 89
31 39
15 0
30 30
41 39
31 62
39 44
1 93
6 31
13 72
10 64
23 16
33 67
29 28
26 51
23 45
16 85
12 48
8 25
32 32
26 36
39 5
23 49
19 14
14 15
2 51
0 29
6 84
41 40
32 44
32 1
15 27
13 23
27 92
33 21
19 86
13 13
15 44
28 5
8 78
26 93
8 30
19 95
4 54
3 68
26 67
27 82
40 39
12 95
10 32
35 7
32 58
32 94
5 43
11 30
41 23
21 66
15 8
14 9
14 65
33 86
26 88
22 87
22 31
36 9
12 43
1 0
39 65
5 62
2 95
39 62
7 51
1 92
29 50
33 58
30 50
14 22
37 69
4 52
40 25
0 45
19 70
36 43
12 87
24 43
27 95
15 45
7 62
38 65
21 56
24 53
2 4
17 0
6 17
36 51
12 47
27 4
13 77
20 86
17 51
33 28
1 90
21 81
35 62
5 40
30 28
1 35
22 19
41 56
12 61
11 42
16 49
18 6
27 0
25 8
26 31
41 36
5 36
9 49
25 82
17 69
10 25
22 95
20 21
3 25
13 31
30 74
34 11
17 31
41 94
25 78
27 61
40 74
41 34
18 80
5 23
8 92
14 74
23 15
38 27
24 79
40 89
28 54
25 81
16 2
15 75
27 5
22 37
27 52
28 71
39 21
3 43
40 59
26 95
7 34
35 88
21 61
9 9
37 76
28 44
32 57
10 8
33 93
21 88
27 60
24 54
40 58
15 22
12 5
22 98
4 75
5 20
1 86
30 36
34 56
26 25
10 89
41 63
2 61
31 70
33 47
19 76
40 66
23 85
32 71
22 54
4 0
14 26
13 2
13 51
20 63
34 78
28 24
40 22
29 24
37 38
35 90
10 54
6 15
40 64
10 36
20 19
38 7
37 25
18 35
19 46
39 71
23 19
8 8
28 52
38 20
18 43
27 63
4 32
36 87
15 4
21 29
36 11
32 33
33 88
38 29
36 52
4 15
16 60
27 17
35 42
36 81
29 81
19 89
12 85
32 5
2 7
41 83
26 10
38 88
11 74
13 40
20 38
9 24
1 56
34 21
31 84
27 26
18 11
40 29
23 47
0 13
5 67
24 19
40 52
17 24
34 66
7 25
19 45
36 77
19 82
25 79
29 31
23 50
26 35
7 67
34 25
14 90
8 6
9 14
1 74
36 94
12 88
16 45
38 46
19 74
10 34
8 59
4 12
25 23
29 59
28 22
8 83
36 61
1 38
4 58
4 39
25 13
6 2
14 3
14 88
17 70
38 8
18 86
3 96
38 87
26 49
35 98
36 17
22 96
23 87
11 80
7 39
33 27
4 16
2 50
40 57
39 34
9 51
37 30
27 59
6 22
16 23
2 62
8 85
41 46
17 34
36 98
35 54
1 72
38 71
5 77
1 6
39 22
16 72
37 36
22 12
37 95
11 78
23 89
11 82
24 9
31 9
19 91
21 59
41 30
30 55
4 28
28 38
39 38
25 3
17 47
34 75
39 96
32 15
34 20
4 36
14 33
19 6
7 50
2 59
41 65
3 18
31 30
29 87
25 83
21 73
16 18
19 84
36 86
41 90
29 7
4 74
28 89
23 69
28 91
40 95
22 11
36 46
24 6
31 72
34 28
21 78
13 48
9 91
23 53
0 84
6 39
17 41
21 16
12 60
26 33
13 62
21 26
32 45
15 14
27 7
34 82
9 7
33 60
34 45
35 79
32 29
30 24
32 0
13 9
28 27
1 21
23 40
32 88
16 80
24 63
36 18
2 85
21 33
38 70
27 19
18 63
7 45
38 72
40 94
16 15
28 40
30 0
21 5
2 14
18 16
5 81
24 16
20 11
28 11
28 7
35 11
13 15
17 36
31 61
5 9
11 97
18 41
39 68
25 89
15 40
30 27
5 25
3 56
39 92
8 84
9 73
35 96
22 27
5 94
1 46
3 57
4 1
34 3
19 23
15 63
24 57
12 97
11 36
22 14
35 77
40 98
8 43
6 56
26 37
27 18
13 63
1 62
26 6
2 84
8 60
33 71
38 23
15 69
21 2
10 23
37 1
36 64
29 82
8 33
21 9
3 73
29 40
37 78
17 9
9 3
30 56
22 92
33 8
1 48
9 58
0 94
7 58
24 95
1 67
35 73
15 28
5 49
19 49
20 61
38 5
30 16
37 29
7 68
18 55
5 15
0 93
28 18
40 93
33 3
37 3
10 38
27 46
23 23
28 31
35 14
16 62
24 27
39 31
29 72
14 21
6 70
30 1
20 26
13 49
22 84
4 55
22 53
24 31
41 60
38 42
11 28
7 70
18 20
6 4
25 80
24 2
8 90
18 30
36 36
31 50
39 32
33 69
28 19
2 40
5 68
36 97
3 59
41 47
5 93
14 11
19 53
34 81
32 77
2 30
28 74
18 19
2 46
22 74
19 43
21 74
34 80
23 97
1 66
13 5
15 66
15 58
9 96
16 89
12 77
2 28
5 88
32 10
27 23
8 77
5 72
29 71
2 87
16 47
34 13
11 11
41 62
2 86
38 43
39 40
37 79
41 15
10 72
22 76
6 0
18 75
20 79
5 6
27 47
16 42
3 14
3 2
22 48
0 75
19 42
40 8
39 87
39 15
3 58
30 83
17 55
4 48
33 2
26 3
35 60
7 98
33 79
32 41
25 84
15 48
9 25
40 72
22 72
2 57
21 57
3 1
14 39
17 19
26 78
30 25
39 0
17 59
6 50
1 14
29 15
37 72
12 94
6 14
7 2
25 91
15 26
22 77
9 77
23 56
9 78
41 38
24 58
7 47
38 97
35 33
12 20
24 10
37 50
40 55
29 70
40 3
13 83
6 85
37 64
0 51
29 32
25 88
11 90
35 8
37 66
15 38
29 10
26 72
41 93
30 59
14 73
16 12
26 39
35 19
7 65
29 41
11 6
5 33
39 1
3 9
8 47
1 60
9 81
34 52
8 9
31 59
8 79
8 64
6 43
2 13
8 1
8 65
30 33
22 59
25 56
28 85
22 9
14 91
6 97
13 67
1 27
0 44
10 47
40 90
19 66
14 45
31 35
30 7
16 95
6 68
36 2
34 63
6 75
29 48
6 25
25 26
30 70
28 57
3 27
7 94
1 65
32 74
39 37
20 1
32 52
1 89
30 87
35 5
34 86
8 2
16 58
16 74
25 7
23 61
21 30
26 47
1 94
1 79
39 70
24 97
40 0
16 11
19 3
4 69
22 1
20 80
37 42
1 34
9 0
39 6
30 47
29 6
1 29
1 22
29 83
39 18
11 21
37 12
12 21
24 77
35 57
36 45
2 26
11 91
31 29
23 35
11 31
26 19
15 92
12 14
3 79
2 48
21 36
33 6
27 44
39 25
35 23
23 17
11 0
23 44
26 68
0 35
32 75
1 71
29 77
10 73
33 37
31 43
18 34
37 86
4 46
19 7
15 94
41 79
25 50
23 29
1 83
30 62
29 95
2 25
33 31
11 4
34 7
27 89
6 90
17 96
29 74
13 54
18 64
37 68
36 0
17 50
38 83
29 12
3 90
31 33
32 49
21 10
28 59
36 10
13 28
26 55
15 18
22 51
5 76
2 31
30 88
24 82
41 98
6 13
39 12
35 37
13 36
20 5
36 40
2 5
14 96
13 52
16 43
10 5
9 97
33 46
3 55
1 7
10 82
18 3
3 21
4 42
40 92
0 12
15 29
6 53
25 4
25 86
17 45
30 77
8 68
2 47
38 92
27 97
37 61
17 30
19 40
11 5
11 44
17 27
13 37
23 25
16 83
14 82
25 5
7 18
30 79
2 96
39 19
27 57
20 69
13 10
25 15
9 10
6 96
22 13
27 22
4 2
17 74
8 27
24 76
20 10
20 35
38 67
25 98
16 96
33 39
33 9
38 19
24 24
20 41
31 24
26 74
15 91
25 39
32 18
9 40
2 1
38 38
36 50
8 32
26 42
34 5
15 35
7 30
19 22
30 8
20 20
28 26
34 2
5 42
10 46
38 40
23 43
7 85
40 27
17 90
14 2
16 30
35 45
40 18
11 60
32 12
23 54
8 71
15 61
27 75
40 20
38 4
19 41
31 97
25 60
27 84
0 80
9 67
0 28
41 49
7 27
17 75
1 10
31 49
7 72
17 16
21 21
3 42
19 60
15 39
10 76
14 78
32 21
25 33
27 24
37 26
9 80
32 65
26 87
26 24
20 15
34 14
35 71
20 23
4 62
33 18
16 66
8 55
39 4
19 44
5 91
21 37
28 13
21 69
11 64
22 52
24 28
38 79
28 93
7 7
21 20
5 90
34 83
23 90
4 35
19 20
21 13
38 12
34 90
28 49
37 46
31 34
3 87
14 72
28 9
7 37
8 91
14 80
8 52
23 41
33 52
15 76
13 8
10 79
19 72
10 50
4 63
21 90
14 67
39 90
25 93
41 37
19 4
27 67
5 27
34 42
18 67
4 57
8 53
22 24
16 36
18 61
0 95
27 74
5 12
18 79
9 55
32 38
18 18
37 67
30 3
6 20
33 22
10 1
12 13
37 88
27 31
11 48
32 91
28 32
37 6
40 2
17 64
11 7
26 21
27 87
24 13
25 36
12 98
31 52
0 15
26 66
6 16
37 87
39 74
29 53
15 93
25 66
33 19
24 47
8 15
20 48
15 5
5 45
5 75
20 65
9 71
20 95
31 79
28 2
3 45
41 0
26 92
14 71
4 5
11 19
27 80
21 24
7 1
21 14
29 79
34 6
3 0
0 56
6 3
0 42
15 23
25 64
3 23
19 79
7 9
37 71
31 11
34 39
14 56
36 65
31 95
16 84
3 40
19 93
22 94
39 50
16 56
5 18
32 36
20 52
31 27
9 98
15 97
20 70
41 57
3 20
19 21
23 65
20 30
1 41
12 6
22 32
11 18
29 35
19 97
25 27
31 80
12 7
12 52
36 76
39 2
7 19
28 73
28 15
40 97
3 34
20 37
6 76
39 41
5 29
2 91
3 28
12 19
3 69
24 17
16 59
12 44
14 93
28 69
27 73
13 98
40 15
10 9
37 63
25 12
33 59
28 39
39 3
30 60
11 34
2 43
30 48
39 59
5 19
34 41
16 41
7 14
10 0
35 16
38 96
2 22
4 38
12 96
15 70
12 2
18 73
17 67
32 59
34 85
28 53
37 43
4 37
7 13
12 31
39 93
36 15
35 40
30 23
6 54
32 35
35 56
34 96
32 48
2 69
1 20
37 9
33 65
26 83
8 35
30 78
39 8
23 81
13 6
18 13
11 84
13 70
7 21
32 64
20 72
1 61
23 10
41 89
8 76
30 64
11 56
19 77
4 30
34 72
13 1
30 44
38 74
33 85
40 82
28 65
22 25
17 94
4 34
7 87
10 44
28 6
29 33
29 64
1 55
4 76
4 26
28 72
36 13
33 16
0 57
11 88
36 82
17 63
35 9
31 86
17 18
28 88
1 49
27 25
36 54
29 4
14 8
1 28
3 66
11 40
17 39
1 59
21 58
31 68
4 81
7 84
4 61
2 49
28 64
0 54
18 58
22 56
36 25