95 44 2613
36 20
17 43
3 9
1 17
56 15
24 6
11 32
36 14
37 31
53 7
9 4
5 13
82 39
33 43
21 19
88 7
39 23
48 10
29 5
81 25
28 19
0 23
82 20
27 8
49 10
7 9
45 6
25 23
81 21
34 5
25 27
10 1
2 20
54 42
46 15
49 19
12 37
40 10
71 26
79 41
90 8
86 42
25 33
88 12
67 36
24 29
17 31
73 14
37 20
85 11
85 37
60 0
69 32
52 27
78 11
63 35
37 21
10 22
22 22
2 33
12 28
84 31
85 19
9 40
66 25
61 18
64 43
25 36
3 28
19 36
51 20
27 10
87 18
55 42
34 18
43 14
90 14
15 5
53 22
71 43
75 8
19 5
54 10
90 35
0 27
56 21
48 30
31 17
65 8
85 25
60 1
25 22
0 6
80 20
48 1
13 17
19 42
0 31
82 21
11 19
59 28
24 26
52 20
8 4
15 20
17 29
14 13
26 41
49 1
37 22
92 30
22 36
61 38
60 16
65 4
18 10
16 33
94 17
19 32
1 31
26 7
60 39
20 29
22 33
87 4
57 32
8 6
50 22
21 24
18 37
87 36
76 24
18 29
21 17
69 24
43 10
39 32
67 14
50 0
40 27
47 5
62 1
85 42
81 8
54 6
10 15
64 27
40 3
13 3
32 19
65 41
4 30
37 5
79 32
81 38
46 43
67 28
12 25
67 4
86 4
21 10
32 24
64 21
83 35
35 41
82 18
94 7
44 28
84 37
21 9
54 27
71 11
76 1
90 17
52 39
63 34
20 0
72 2
33 12
87 22
72 0
41 27
39 21
24 23
40 0
17 13
39 42
13 28
14 34
74 0
93 29
90 7
73 37
78 41
31 14
5 20
65 39
42 20
74 7
54 5
38 2
1 3
59 26
60 24
60 23
14 39
61 6
88 19
2 1
75 2
43 42
30 23
85 6
13 7
85 14
59 8
85 10
6 33
58 36
59 18
40 14
93 10
55 2
72 4
28 11
56 2
18 1
16 30
32 10
69 41
61 1
52 33
4 11
75 36
80 26
68 12
7 21
59 13
73 42
55 9
53 10
65 37
93 35
76 15
84 26
46 5
24 19
77 30
18 26
59 6
77 10
15 9
91 3
2 15
30 41
88 40
42 12
52 28
32 3
4 21
64 6
27 30
77 9
59 16
91 22
94 41
56 30
79 28
32 2
73 6
16 8
2 32
8 19
90 40
26 25
25 34
66 20
86 10
72 19
72 42
1 29
66 32
78 42
3 20
53 38
68 14
59 34
76 21
70 24
69 17
4 40
66 42
18 31
18 18
54 29
91 11
30 0
78 25
54 40
18 41
41 17
10 23
15 17
84 33
70 20
48 28
88 8
59 4
69 18
57 22
85 7
25 28
65 2
87 25
43 32
64 34
66 31
2 40
37 17
89 23
36 33
43 1
72 27
2 3
11 33
74 31
67 37
43 11
39 5
65 34
51 40
5 31
77 21
51 12
31 12
73 8
37 12
33 3
22 42
72 8
61 3
20 16
29 40
18 9
29 19
75 6
28 21
9 32
84 41
9 21
92 7
47 41
91 37
89 10
48 3
54 22
50 9
63 6
75 28
61 34
29 7
61 2
15 16
44 6
67 27
51 28
13 21
35 26
74 10
64 36
93 31
11 13
33 7
89 8
84 24
49 25
65 16
22 19
89 9
69 36
83 32
45 13
53 18
41 9
12 42
31 5
93 41
9 5
28 38
74 8
32 36
92 31
37 0
64 30
84 23
34 17
51 9
84 15
65 11
41 15
37 35
40 9
29 1
6 19
0 17
31 41
21 27
53 14
87 24
50 17
78 16
18 39
75 32
76 42
24 41
90 3
84 35
41 37
62 19
6 30
41 41
64 41
49 30
41 22
68 20
17 38
21 6
83 38
59 20
74 14
77 0
80 31
33 16
6 16
56 1
49 32
62 13
93 0
16 36
37 25
55 19
76 13
44 38
26 1
12 27
1 32
30 43
35 31
62 18
8 9
32 9
22 17
45 18
71 0
88 39
91 0
0 2
32 26
40 38
33 32
8 5
9 15
30 22
40 34
33 30
49 13
22 13
56 35
14 16
50 28
6 35
30 39
26 35
81 23
60 25
31 8
11 27
29 20
67 20
60 43
3 38
1 42
3 36
16 31
44 8
6 12
63 39
51 31
64 31
45 17
60 8
67 5
57 33
60 28
19 10
82 41
28 26
15 1
70 1
53 25
23 7
15 0
77 38
5 38
87 7
54 7
89 31
19 2
2 9
37 39
34 33
10 12
44 12
1 25
74 26
94 9
88 35
8 21
29 14
40 28
19 14
56 17
12 17
80 38
65 25
26 40
65 7
48 11
6 41
59 33
78 38
90 26
41 21
52 19
71 42
0 21
15 42
5 27
40 4
34 9
87 0
43 35
80 40
41 33
12 12
85 33
58 8
88 32
84 11
48 34
46 38
88 41
83 7
17 28
34 3
63 14
87 39
83 34
74 29
91 30
53 42
53 37
23 5
40 21
80 42
77 42
79 23
84 7
16 25
48 2
29 12
13 32
72 17
28 41
24 20
87 9
58 28
40 1
56 6
37 14
21 3
47 34
54 41
36 25
53 13
6 28
65 24
43 0
12 14
4 13
48 8
11 42
30 20
86 31
8 0
94 10
25 39
91 19
9 12
14 26
58 9
82 10
30 17
89 21
21 41
34 25
36 28
69 3
6 27
64 32
75 21
74 21
31 43
41 29
26 8
45 41
42 13
85 41
17 42
11 18
4 5
35 35
84 2
41 14
93 30
40 39
61 23
11 22
29 11
90 43
45 29
14 5
72 9
14 33
59 21
1 37
80 0
6 5
66 22
10 11
82 36
23 28
14 25
3 24
61 20
78 31
44 2
38 22
70 23
32 42
76 9
15 15
62 16
70 11
36 23
16 28
1 0
74 22
52 21
63 3
10 26
83 8
8 18
75 19
83 26
28 6
35 42
2 13
59 43
1 6
48 15
89 12
15 26
39 38
76 5
61 12
38 33
67 22
37 11
8 36
20 19
1 10
61 43
46 16
10 32
82 8
90 33
7 43
31 2
56 10
12 2
6 18
74 28
88 38
6 9
10 17
6 11
56 24
64 20
7 8
86 26
48 5
39 31
67 39
2 5
53 39
94 2
91 41
70 18
89 6
79 14
10 28
10 20
61 21
70 21
75 42
6 20
6 32
28 0
73 35
70 10
9 6
48 37
90 19
76 28
36 37
62 33
52 17
76 18
60 40
76 27
8 34
20 37
18 42
37 15
79 7
79 25
45 38
71 40
30 7
15 35
78 30
1 2
64 10
12 18
26 11
39 27
81 24
54 19
66 11
91 14
23 1
49 12
64 35
16 27
2 31
35 34
29 42
72 40
66 39
57 38
92 12
3 39
12 21
34 7
55 30
18 3
33 36
32 41
75 4
63 17
55 33
8 25
65 15
92 20
18 35
32 20
73 23
58 0
58 4
76 35
15 3
83 41
87 16
22 18
44 23
57 12
94 16
51 17
0 29
21 25
30 30
28 32
81 16
49 23
12 35
74 41
32 34
28 33
6 6
2 41
45 14
3 15
3 17
86 40
18 32
56 33
29 9
85 3
17 33
71 4
13 27
34 42
80 37
62 25
62 2
7 26
85 43
14 42
7 15
25 38
57 0
11 29
19 40
48 27
21 31
83 5
80 35
61 19
35 13
76 32
79 35
43 15
42 28
81 30
89 19
19 33
15 8
47 39
0 33
94 13
0 11
74 36
73 12
24 9
28 2
51 14
3 29
0 22
75 3
80 19
79 4
43 29
94 35
11 12
9 25
31 13
57 37
51 36
50 5
42 8
52 14
79 20
56 38
80 39
78 43
7 28
27 14
0 24
14 21
6 24
42 2
67 9
7 25
30 33
83 16
6 2
24 34
68 9
83 23
61 15
89 1
93 33
1 43
92 40
44 40
43 19
31 11
50 32
47 13
94 32
15 19
41 26
34 13
31 31
10 41
1 5
16 10
94 11
88 43
11 28
88 36
53 15
49 38
62 20
58 17
42 17
47 14
67 31
73 2
35 43
19 35
92 0
23 30
55 14
41 0
45 10
16 16
55 6
16 0
89 40
0 34
59 10
47 30
55 41
26 33
27 33
59 3
70 3
21 15
15 25
19 12
80 34
11 37
53 31
44 10
33 34
27 5
65 17
85 21
86 37
9 1
76 19
6 31
19 30
26 24
8 23
80 14
75 26
76 34
82 16
50 20
91 5
16 20
57 36
42 32
47 24
84 9
91 23
19 43
59 39
93 6
46 0
68 23
47 1
70 29
16 41
90 4
29 35
78 36
79 11
51 23
67 12
42 43
21 11
94 3
87 20
51 42
25 1
84 22
39 40
31 27
91 29
74 19
78 40
79 34
91 25
39 8
24 7
44 43
31 29
49 17
4 22
25 32
84 28
7 11
70 14
8 39
35 27
39 0
32 23
92 23
27 36
65 1
36 11
80 18
14 23
53 26
33 39
76 11
63 13
85 40
5 10
58 30
61 30
7 12
33 8
0 40
17 12
16 32
64 26
29 37
62 0
23 19
19 9
19 13
10 5
84 34
72 41
70 0
85 27
46 17
92 14
40 11
90 34
67 7
9 8
26 10
71 14
67 6
82 5
10 18
42 38
78 22
58 27
76 10
45 8
26 3
57 34
94 4
77 36
29 43
57 13
24 2
13 43
69 30
23 34
24 3
2 28
90 27
91 16
42 39
10 24
49 40
55 20
50 41
60 4
21 5
54 2
43 25
2 17
15 30
53 11
13 39
77 16
93 38
71 5
73 39
23 40
59 22
74 27
38 16
10 13
46 41
2 11
78 3
17 37
51 33
61 28
70 12
64 9
72 29
9 2
21 40
50 12
93 9
18 22
23 41
22 20
44 26
64 17
15 38
29 31
12 32
67 24
32 31
67 26
68 7
48 18
75 35
59 2
25 35
21 7
21 26
34 31
50 31
55 16
30 16
56 32
49 18
54 21
69 40
32 29
76 22
61 10
1 22
61 35
85 9
82 14
7 32
21 20
59 23
70 37
25 43
15 28
64 12
39 30
43 37
33 20
69 14
11 6
35 17
70 22
82 3
73 32
68 17
51 25
64 16
50 11
89 27
77 34
11 14
85 39
49 3
75 40
4 43
88 14
39 36
7 10
22 32
71 23
26 42
59 0
23 25
31 20
28 24
58 6
88 1
44 41
27 26
8 7
41 43
53 1
54 26
15 6
54 16
71 8
23 8
83 36
15 40
48 19
14 19
57 5
22 15
61 0
43 40
76 37
60 26
87 15
93 11
72 23
24 37
35 32
74 30
75 9
78 5
41 18
94 0
10 35
46 23
2 12
24 36
23 4
8 8
62 23
54 38
62 4
34 21
28 7
19 28
36 24
35 28
27 41
86 7
56 42
42 42
8 13
64 5
69 39
94 29
70 9
23 12
79 2
12 36
32 1
90 38
56 19
13 34
69 35
85 35
88 42
76 31
58 32
79 16
57 20
12 31
90 36
26 6
11 7
66 12
37 9
52 22
42 22
14 31
6 36
67 23
83 12
10 42
21 14
91 27
46 30
23 11
89 13
82 2
80 10
42 24
77 15
63 25
56 16
30 15
75 13
25 15
25 13
66 27
77 1
86 24
79 30
63 28
43 23
37 7
70 33
5 15
28 13
3 8
11 35
45 28
13 35
49 7
26 38
65 0
78 37
91 15
92 42
35 12
5 0
34 24
79 29
1 23
64 29
10 30
66 21
24 25
84 6
52 35
68 6
4 0
58 42
69 42
40 29
23 31
67 40
17 9
5 43
25 19
16 22
70 32
89 4
57 15
83 24
21 4
86 13
44 29
17 27
58 24
34 22
69 20
3 34
87 14
2 18
0 1
4 28
71 29
32 30
94 25
69 22
19 39
44 15
27 19
51 15
77 18
54 32
44 0
89 25
46 2
15 14
39 34
53 40
5 41
90 11
51 39
39 9
77 23
56 9
29 21
4 24
68 33
53 23
94 1
13 29
41 19
9 34
31 42
28 34
62 27
5 14
12 13
23 33
10 27
35 33
47 19
48 38
5 24
75 0
86 34
94 5
57 1
78 14
87 38
36 40
17 23
91 26
25 12
20 8
66 5
52 36
79 22
90 12
24 39
77 19
34 4
10 2
69 2
85 28
24 17
77 29
63 38
3 4
26 13
6 29
74 1
8 14
17 25
71 38
47 16
73 27
38 27
61 7
17 2
10 7
29 38
56 27
6 3
35 29
30 29
74 20
28 3
49 16
71 32
80 33
46 40
42 25
39 1
7 13
76 40
61 22
90 18
83 28
13 10
68 5
23 9
86 8
8 12
85 0
54 23
15 36
41 24
51 32
33 35
13 13
92 11
89 16
87 23
91 32
92 18
91 39
19 23
36 26
30 14
65 5
6 38
79 26
71 22
72 1
56 7
59 1
17 5
32 32
59 37
34 34
93 37
19 37
86 38
56 3
39 6
82 11
42 40
82 43
78 2
91 8
60 38
49 2
16 19
94 26
73 31
25 16
29 0
80 21
27 12
19 7
29 2
61 31
87 42
46 19
93 17
62 9
11 15
93 23
19 29
71 20
60 29
25 6
44 3
57 23
92 28
40 43
92 32
37 28
24 18
14 14
3 3
83 18
91 1
58 11
80 12
81 0
20 7
35 14
60 3
21 34
14 36
76 3
35 40
36 16
27 43
88 2
32 27
1 8
4 15
55 25
58 21
48 12
20 27
56 41
4 4
77 33
26 29
25 3
4 6
16 15
73 13
67 34
12 33
6 14
58 39
79 6
76 38
45 32
3 10
20 42
37 16
70 7
68 32
33 25
43 30
62 6
62 24
17 7
54 14
23 20
31 24
66 14
11 26
20 18
88 5
18 12
83 31
72 35
40 15
62 31
68 21
81 41
5 7
45 31
72 16
3 33
20 2
9 27
90 21
76 8
90 25
77 6
74 33
68 28
59 42
26 32
59 24
2 0
71 25
75 18
36 3
76 2
76 4
60 21
52 6
88 22
57 24
0 36
50 43
62 12
86 12
66 1
70 6
37 6
73 28
18 25
60 15
83 19
47 29
87 37
38 0
85 31
6 23
49 20
41 32
66 7
60 19
77 5
64 42
71 17
15 41
4 14
75 15
91 28
32 38
61 9
16 12
57 8
10 10
2 35
1 36
67 38
77 26
76 29
59 35
20 3
54 0
82 32
89 14
9 29
50 7
76 0
9 23
62 32
41 6
4 16
41 3
6 43
43 13
47 23
37 2
71 9
10 9
28 14
11 31
10 38
83 27
79 15
81 5
13 33
20 26
22 6
41 30
56 34
84 0
38 8
78 26
64 0
75 11
58 3
80 27
79 27
33 2
77 7
57 10
59 9
1 38
33 41
8 40
60 36
38 26
45 9
30 13
65 28
27 27
30 8
39 12
23 10
33 23
54 9
67 42
83 10
35 7
13 24
5 30
71 36
9 37
93 8
11 24
20 17
4 10
49 27
80 24
78 39
87 12
39 10
89 2
25 26
84 10
11 36
66 8
8 27
28 29
38 39
48 9
92 35
82 15
63 37
21 1
53 16
12 20
38 11
61 27
89 7
93 26
7 14
83 11
31 22
28 23
34 23
72 10
7 42
88 31
30 26
67 35
57 30
72 14
16 3
82 23
77 12
46 11
7 20
58 35
75 10
23 37
44 14
10 33
42 37
51 3
42 16
73 34
66 40
70 4
2 14
1 27
12 34
17 22
25 2
26 19
88 17
32 17
76 23
85 20
5 9
44 35
16 1
4 31
29 16
65 3
87 6
44 17
43 6
29 36
80 30
61 42
19 34
66 30
40 7
89 35
11 30
87 5
13 38
5 34
35 19
2 34
11 23
38 24
32 11
59 38
86 2
78 0
14 8
18 4
21 21
82 42
66 0
86 3
57 11
56 8
86 39
2 2
6 0
0 25
38 29
30 5
57 6
53 21
35 10
84 21
78 34
41 10
92 34
79 3
18 5
81 39
71 1
88 3
70 43
37 13
85 38
17 41
3 40
4 37
51 38
19 15
0 16
76 20
63 36
7 18
45 23
26 23
3 41
12 11
86 0
63 9
65 20
69 37
36 31
68 0
28 31
8 1
5 42
92 27
41 40
1 4
82 19
90 23
87 43
25 30
82 40
78 20
66 19
3 16
4 17
49 8
30 34
1 19
1 12
7 3
25 31
90 10
71 13
46 31
65 22
9 9
86 22
41 42
33 33
44 39
70 31
51 27
43 3
32 6
10 6
37 30
40 13
92 10
62 34
42 29
36 17
63 31
86 20
18 21
17 40
48 23
94 37
70 34
82 1
39 18
72 43
94 31
28 12
38 19
22 11
37 8
86 29
84 13
37 38
59 15
86 15
81 15
59 25
51 5
22 21
40 16
1 14
64 15
68 24
23 39
81 27
38 14
80 11
56 13
21 29
12 6
51 11
54 36
8 15
15 21
46 34
4 18
27 35
20 11
82 31
0 30
13 19
8 29
20 35
72 24
73 17
16 18
21 42
76 41
70 5
50 10
6 7
53 19
47 7
59 17
55 34
48 25
62 5
71 34
25 5
73 19
61 16
11 38
3 11
12 39
30 36
82 25
20 40
57 31
71 33
91 40
78 12
37 27
58 33
42 34
68 25
32 18
25 41
53 12
83 33
55 21
33 17
94 36
28 37
94 6
67 25
7 19
22 1
61 37
31 1
14 38
60 34
57 43
3 7
34 35
69 5
52 0
79 36
57 42
28 9
67 18
54 34
71 10
85 8
55 26
47 27
17 3
31 37
90 15
68 39
60 20
28 16
1 1
0 26
54 3
12 19
86 18
78 9
19 1
52 26
1 13
83 0
60 11
64 37
81 37
38 30
59 27
7 39
33 1
57 7
12 9
81 43
5 8
88 6
63 1
76 30
41 12
31 30
26 30
36 5
19 17
74 3
78 23
57 14
78 10
75 30
7 23
1 24
62 41
93 4
19 21
37 3
89 15
5 1
32 39
49 36
2 10
29 10
49 43
37 37
92 16
17 15
88 37
90 42
57 9
31 10
70 2
32 14
39 24
13 31
92 1
42 31
81 3
10 0
10 34
61 40
85 5
19 22
50 33
66 24
60 33
1 7
34 40
18 20
52 8
59 14
50 29
85 16
62 39
58 2
35 8
41 34
63 40
71 6
23 3
9 13
30 19
74 37
32 5
81 33
15 34
31 0
16 17
64 2
3 13
12 8
44 19
48 26
23 16
4 34
31 16
24 13
89 18
91 35
55 39
6 25
1 18
21 16
57 40
88 15
90 2
58 15
22 9
42 4
14 3
57 17
40 24
38 25
16 38
0 41
44 21
9 24
8 37
66 33
19 8
85 24
26 12
24 1
59 41
47 35
7 35
34 2
15 4
68 13
75 16
46 1
33 22
74 12
20 39
13 14
84 18
32 21
64 38
51 4
14 24
62 14
86 25
1 40
13 41
60 42
88 21
34 32
37 43
23 22
22 4
4 29
89 22
59 40
41 35
23 27
34 12
82 9
70 15
44 20
2 19
12 29
9 33
45 4
83 43
25 18
53 2
63 29
64 14
62 15
27 25
82 38
61 33
36 35
13 18
26 34
20 1
5 35
84 38
67 17
69 15
15 2
43 31
4 8
80 13
87 32
19 27
74 9
69 1
33 15
66 18
41 11
37 32
45 1
76 25
38 18
55 29
36 36
10 3
6 13
93 39
27 20
39 35
46 6
94 30
26 21
43 39
15 39
31 40
62 28
84 1
22 39
13 42
39 37
33 10
32 4
35 9
65 27
82 24
67 30
58 25
61 25
71 19
11 34
66 36
72 36
38 10
14 4
40 32
39 3
46 27
69 9
73 0
57 28
84 19
51 41
0 7
93 7
68 4
25 40
2 24
45 35
63 26
88 26
75 27
87 31
5 21
8 10
41 13
61 14
24 24
76 33
59 12
53 43
79 33
47 31
74 39
36 7
9 28
44 31
82 28
90 1
32 22
26 17
50 2
36 41
76 12
52 3
7 22
40 22
23 14
83 13
55 11
22 30
75 25
41 16
91 20
44 4
87 27
87 3
48 41
65 13
15 13
8 32
2 7
75 29
4 9
6 40
86 43
74 16
70 42
66 9
52 30
34 15
45 15
6 21
83 40
35 37
35 21
72 34
69 33
24 35
51 18
54 8
61 26
50 42
63 11
11 16
39 28
81 2
51 37
9 10
0 14
9 14
22 43
63 15
23 2
91 9
46 8
23 23
69 6
48 24
24 38
23 32
40 33
1 39
26 28
13 12
68 43
26 16
58 38
50 15
40 6
77 31
11 21
25 0
62 40
62 7
73 15
71 12
81 32
35 16
94 12
28 8
30 18
50 36
3 26
13 20
83 37
85 34
37 29
70 35
37 4
39 17
66 43
56 14
50 3
53 28
90 9
40 30
90 41
24 42
77 13
18 8
17 6
5 29
6 17
72 32
24 5
88 27
11 25
75 39
11 9
15 27
30 11
43 38
77 27
93 5
68 42
38 42
71 39
1 30
53 8
52 1
90 31
30 2
78 6
10 14
40 40
83 14
10 31
77 39
31 21
53 17
10 4
74 11
50 24
94 24
40 31
81 14
23 17
61 29
69 43
56 25
42 35
64 25
84 42
24 31
92 36
40 37
90 37
69 7
91 2
23 26
43 17
24 12
67 8
58 37
30 3
10 29
34 11
76 6
29 25
65 38
18 40
56 23
73 36
21 12
86 1
17 4
3 14
47 10
15 31
85 36
77 25
62 42
91 17
56 22
20 32
87 11
72 18
10 8
82 34
83 22
23 21
7 17
88 25
39 15
66 17
29 27
53 3
53 32
44 25
52 2
14 40
31 23
3 12
56 36
78 19
42 19
0 37
57 27
60 9
24 10
0 32
81 11
74 43
71 27
64 28
58 41
43 41
52 16
14 11
60 41
83 4
39 4
6 39
65 36
36 12
39 14
8 38
38 32
18 28
41 23
52 43
55 40
48 43
89 41
93 19
62 17
70 26
52 29
18 6
81 22
43 9
94 40
29 24
46 33
60 31
4 20
30 40
54 37
18 11
79 1
33 0
55 24
37 18
93 42
54 4
6 4
30 37
19 18
54 43
51 13
59 30
5 26
7 36
89 0
88 34
28 30
5 18
2 16
5 5
83 39
0 5
7 33
35 15
67 13
0 15
17 11
14 15
16 11
27 23
64 7
71 31
70 17
17 32
80 22
27 42
87 1
94 20
9 16
19 0
94 14
4 41
20 33
90 22
26 27
20 24
31 25
55 7
58 1
27 11
25 10
55 8
82 29
12 0
66 3
0 20
25 7
22 24
34 29
66 29
26 0
63 5
5 16
35 11
12 38
57 18
73 41
58 22
35 1
69 34
85 15
40 12
63 12
71 28
39 2
21 43
52 31
73 40
63 4
12 26
81 42
22 3
58 10
47 8
43 7
83 25
89 3
16 14
8 28
90 20
48 35
15 12
93 21
83 9
53 41
47 28
68 27
93 14
45 43
60 37
72 6
80 17
66 37
23 15
85 18
12 43
43 21
77 2
57 26
48 0
52 13
48 22
40 26
12 24
47 38
7 34
81 36
31 39
53 35
45 26
48 17
49 22
69 4
48 4
18 19
5 28
77 4
66 26
54 17
62 38
23 29
29 32
62 11
35 0