69 77 4667
52 0
50 39
28 49
9 9
65 64
57 54
45 63
46 31
1 30
64 50
32 59
62 9
60 53
19 35
52 29
38 50
16 7
53 1
38 35
3 15
4 53
66 54
43 22
5 62
42 49
14 0
61 58
6 24
34 3
2 42
49 51
43 47
27 73
45 20
22 64
6 53
23 7
17 21
21 68
50 28
17 10
30 51
7 58
61 60
67 17
39 54
62 4
26 59
41 48
26 4
22 2
61 73
23 76
40 2
55 75
65 40
65 31
32 52
28 19
52 66
55 31
28 15
28 10
49 21
66 36
4 11
10 27
55 73
46 57
26 26
62 6
0 44
33 2
3 37
34 34
16 15
48 20
52 58
24 6
51 45
54 74
25 9
61 16
63 62
16 36
8 72
29 19
47 73
45 73
20 8
30 0
18 25
27 25
59 5
16 63
60 22
54 65
20 4
50 32
32 55
56 66
24 51
66 6
62 64
0 62
42 40
22 48
58 55
32 68
10 51
45 19
29 62
54 44
21 75
60 4
41 19
68 8
64 44
45 7
27 68
45 42
8 18
13 75
51 11
14 12
36 12
23 45
40 26
54 2
38 28
21 65
8 19
36 13
26 13
56 29
37 18
9 12
19 55
49 31
65 50
6 45
27 9
35 6
17 35
46 17
25 4
44 43
57 53
23 72
7 35
64 40
57 7
67 49
30 71
52 5
32 61
62 7
58 6
46 52
31 11
12 4
34 69
7 12
16 71
3 69
58 52
49 54
52 68
14 65
24 65
61 42
21 43
19 68
17 44
52 67
15 38
26 70
10 60
45 43
24 40
10 40
62 69
8 14
67 13
49 11
16 26
32 50
19 53
32 5
49 44
54 35
65 26
63 64
40 51
11 60
1 29
36 40
18 29
47 20
16 68
51 56
5 64
56 26
8 27
35 36
34 14
11 53
43 19
10 37
12 15
0 36
7 55
42 74
25 60
41 15
37 23
56 51
7 47
42 29
27 66
67 58
18 63
60 50
62 22
3 57
49 33
10 65
17 47
3 19
49 25
35 54
63 7
46 23
11 35
37 41
68 32
32 72
65 52
54 41
15 12
25 53
13 59
33 58
57 23
28 18
67 66
48 23
44 24
13 53
29 73
30 17
48 21
35 32
35 13
25 8
50 5
11 8
40 6
9 30
45 0
63 55
57 3
43 69
29 3
4 37
4 40
27 5
52 31
20 75
23 56
11 50
0 74
66 41
22 60
52 37
52 48
15 35
11 19
67 38
37 36
40 22
4 34
4 28
57 63
19 10
45 44
55 41
35 49
29 34
15 7
22 12
38 73
54 4
1 24
6 33
30 73
12 60
28 41
56 35
46 61
37 5
15 22
9 72
33 34
68 65
12 12
16 6
37 7
67 9
30 54
2 29
48 58
6 15
41 71
68 76
15 44
21 35
42 64
35 4
1 48
45 64
29 46
65 58
34 61
58 41
45 67
54 67
41 58
58 67
22 30
24 43
20 10
17 43
40 58
22 35
9 43
2 58
37 40
58 29
18 34
30 56
19 42
62 18
53 51
10 19
32 44
65 24
56 34
65 72
42 7
1 50
9 75
30 29
50 76
24 7
22 23
41 9
21 29
37 31
33 42
16 11
17 8
54 30
51 63
50 0
18 70
53 14
42 15
34 8
25 47
56 36
16 2
1 20
23 5
52 44
42 30
48 65
32 75
18 15
28 46
32 16
15 19
5 48
25 58
38 46
22 22
36 9
19 14
44 8
47 28
33 33
60 34
40 57
2 43
6 56
25 51
12 33
49 29
20 22
61 52
1 32
61 18
3 54
51 44
62 68
34 45
67 71
27 0
66 39
50 17
3 74
8 36
45 24
45 75
55 42
63 38
63 36
34 28
4 38
13 21
23 33
68 55
25 41
67 75
18 30
66 15
2 27
14 69
15 73
67 48
2 6
34 38
19 8
51 17
9 48
15 43
50 69
26 1
45 61
7 18
14 4
34 11
0 25
32 34
44 71
8 57
45 47
4 25
59 36
53 17
29 63
31 14
39 39
67 1
40 9
21 26
6 36
63 1
64 19
62 35
57 10
7 42
21 30
35 22
15 42
63 42
49 74
31 43
43 61
57 73
38 3
9 68
65 13
19 73
63 16
56 10
58 42
47 32
16 30
24 67
2 60
53 72
48 14
7 37
10 17
8 44
37 10
50 29
65 45
13 43
5 58
17 15
41 73
59 22
19 43
6 1
43 67
62 27
19 12
0 66
19 71
55 68
33 60
9 70
2 40
7 21
37 57
53 63
20 54
36 71
6 3
0 30
42 5
55 27
4 75
13 0
43 3
7 1
36 62
8 51
50 10
13 23
47 1
47 35
47 51
16 62
6 20
62 12
59 31
1 42
60 62
20 60
45 33
60 68
29 16
44 70
29 54
16 35
12 68
67 42
59 15
0 11
48 2
21 56
41 5
3 4
32 42
6 64
34 64
32 41
14 55
66 72
25 13
20 67
14 67
63 40
35 38
11 4
50 7
4 50
11 38
39 32
31 21
6 28
29 74
21 53
26 35
59 46
46 28
47 18
0 68
49 39
60 2
14 44
53 10
32 51
38 26
56 39
48 6
53 13
42 58
3 27
36 53
27 8
60 44
30 74
35 55
38 33
13 22
13 41
3 75
50 49
31 1
15 46
17 27
31 72
3 53
14 48
7 70
28 44
2 32
32 57
25 63
32 36
55 25
43 59
37 66
44 46
51 23
55 39
44 33
50 27
29 38
3 0
11 69
13 69
61 37
46 76
5 33
44 48
67 73
6 62
25 7
23 18
68 27
9 13
36 24
9 67
60 1
11 68
44 32
29 58
40 63
19 16
54 57
53 71
32 26
21 34
14 43
25 22
54 14
60 74
27 76
65 28
26 60
24 26
11 30
5 21
67 63
53 24
4 26
16 39
18 11
39 65
16 37
64 49
17 56
63 69
15 47
60 37
41 54
66 38
6 14
3 35
12 43
44 54
45 54
8 6
6 22
18 12
2 4
15 31
66 8
18 58
28 73
21 58
62 5
28 34
61 28
62 41
44 59
4 35
26 72
38 9
9 16
32 43
18 21
57 64
23 60
53 76
12 7
35 5
25 32
4 54
52 43
30 12
59 39
44 16
5 30
26 37
59 11
7 67
6 44
41 46
8 56
15 41
20 45
18 56
44 9
37 68
35 60
46 70
5 50
17 74
35 7
67 21
10 68
46 48
6 49
16 72
34 70
23 22
58 46
39 42
59 61
22 20
35 45
58 18
16 38
67 32
27 69
67 27
35 73
52 62
19 76
8 24
55 7
29 67
16 57
27 46
48 50
2 26
38 55
53 18
1 22
51 25
17 23
31 70
29 57
50 24
50 30
46 30
45 69
50 40
63 6
59 27
17 59
52 55
51 76
27 4
7 6
29 48
7 8
24 76
28 56
57 55
51 48
23 62
29 55
50 31
43 39
30 59
24 30
36 21
34 53
25 31
22 36
59 25
14 51
26 10
36 38
59 20
43 73
45 5
8 32
18 62
14 56
3 66
58 54
58 37
4 10
20 5
51 49
32 48
44 10
32 28
1 23
37 49
40 8
32 66
28 23
44 37
12 66
3 38
25 67
1 72
11 63
40 36
35 63
43 32
37 6
8 43
9 19
20 64
48 76
12 14
39 69
43 24
14 17
39 28
43 75
7 57
15 2
29 0
67 51
30 2
13 49
47 38
31 9
46 13
51 24
26 43
46 53
50 55
13 32
61 68
8 4
6 61
22 1
0 34
61 10
46 11
3 24
46 33
33 9
4 70
37 2
35 48
66 47
68 64
64 66
15 71
30 6
49 40
4 64
58 28
17 38
26 24
56 8
29 30
18 37
5 17
6 8
48 3
54 32
39 14
66 43
22 47
24 48
2 23
21 13
53 53
34 71
29 20
27 40
61 5
1 15
51 61
68 4
11 11
10 22
26 3
23 54
31 69
53 55
42 50
22 11
21 42
60 42
64 28
54 50
25 19
11 71
24 31
35 28
6 19
44 2
43 58
41 11
7 59
67 18
43 13
28 20
57 32
35 47
27 64
14 58
63 0
60 52
49 43
67 2
18 23
38 70
49 35
44 57
30 61
48 16
54 69
17 60
65 34
33 53
50 2
2 3
50 72
61 65
64 12
41 69
64 37
19 32
46 0
34 59
61 12
44 5
57 68
17 45
30 40
42 31
4 32
0 52
54 20
48 67
7 50
59 13
18 47
30 23
57 2
62 42
38 69
33 61
19 60
18 45
56 33
49 68
10 49
58 4
68 15
19 19
42 53
38 0
64 4
5 53
25 25
27 6
22 19
38 19
28 64
41 44
23 8
22 52
53 26
57 29
36 10
67 12
66 51
51 59
19 23
30 22
4 69
54 5
21 60
55 12
20 43
61 13
38 65
57 1
60 24
33 28
35 64
28 61
42 9
6 67
60 19
45 37
53 23
41 7
64 27
2 68
51 12
5 59
40 67
56 16
6 59
63 9
31 15
64 75
12 56
62 30
39 30
65 33
43 42
52 34
20 46
15 56
53 75
67 30
33 41
39 74
66 56
5 69
64 38
50 45
33 20
55 16
25 5
36 11
27 27
49 58
56 31
55 62
67 33
52 21
25 55
62 2
62 29
56 14
38 27
10 9
55 19
57 6
51 8
59 68
26 62
16 54
36 65
53 56
12 48
28 69
45 52
34 50
6 42
3 71
20 71
41 27
64 23
38 64
62 37
37 11
54 26
53 52
24 32
56 44
36 41
45 15
5 12
37 56
41 18
25 3
53 27
30 18
54 48
27 23
28 74
21 3
0 37
44 67
33 69
65 62
4 47
51 42
49 61
42 76
29 56
16 25
34 55
59 51
66 16
64 11
6 30
49 65
51 64
11 41
36 72
57 44
58 3
34 46
61 47
41 1
16 43
49 20
67 14
19 1
47 76
7 54
51 27
28 47
54 22
21 36
16 52
0 28
62 58
58 59
56 59
22 21
9 51
48 26
6 74
2 64
35 40
50 54
22 46
38 10
63 74
44 42
11 39
38 52
63 21
20 66
22 58
4 67
68 49
39 71
27 42
58 21
50 22
36 15
19 61
20 70
29 69
10 70
25 27
46 75
41 57
3 56
37 20
51 68
41 68
60 65
31 24
50 47
21 72
53 50
29 39
63 33
37 16
61 4
11 32
65 23
2 7
34 35
8 39
14 47
5 54
66 45
28 32
22 29
1 37
36 29
45 58
30 34
23 69
42 37
3 1
17 29
63 68
38 24
59 45
68 60
38 67
2 1
23 53
61 8
48 31
1 14
43 46
68 47
41 55
48 57
61 7
24 27
31 54
27 51
0 76
35 72
51 33
25 15
3 67
47 75
19 59
68 54
1 61
46 56
3 18
58 31
10 35
41 49
58 74
35 12
43 33
64 45
58 24
44 40
66 29
8 15
21 18
0 72
68 19
37 50
14 2
68 52
47 58
35 26
31 4
50 38
9 40
41 62
59 49
44 14
27 34
38 43
35 52
46 2
39 50
24 16
67 64
3 59
29 60
23 15
62 49
14 8
63 35
48 29
46 69
64 54
64 70
6 65
8 37
53 16
37 19
47 19
4 30
20 73
25 39
13 44
2 12
63 44
47 63
39 29
12 16
51 15
32 45
28 71
23 19
33 73
65 41
43 20
59 29
16 20
46 34
1 17
64 10
24 54
18 19
38 71
66 42
46 14
40 21
55 74
63 50
42 27
43 56
55 20
50 75
39 0
55 15
15 74
55 55
39 36
57 13
3 47
28 35
17 7
21 51
64 13
37 65
35 61
17 40
60 57
61 49
53 9
36 56
51 69
36 54
68 18
22 71
36 32
43 1
58 72
7 9
61 54
9 33
32 21
37 43
50 68
7 30
11 49
9 35
55 23
9 60
65 18
67 15
38 72
61 45
63 3
8 63
63 48
12 35
10 75
10 53
21 6
56 23
47 31
7 13
28 63
44 15
45 72
55 61
59 70
52 13
4 55
19 22
18 32
45 18
29 21
9 17
36 52
62 10
12 22
7 66
37 60
53 54
13 29
48 19
36 18
29 17
57 26
6 34
26 19
10 66
59 62
40 40
59 53
62 57
48 13
25 36
47 15
23 17
26 6
61 62
25 43
7 49
52 47
58 35
18 10
62 1
11 75
18 74
58 8
3 60
40 68
7 17
32 69
52 28
3 33
52 7
68 48
12 51
17 26
9 24
49 56
44 12
56 27
12 6
3 58
34 42
33 25
15 13
14 57
26 42
66 7
61 32
58 5
4 12
30 13
31 42
28 7
10 31
0 17
3 55
51 39
42 63
5 63
57 14
34 68
57 18
17 67
4 71
63 29
17 53
38 47
61 0
46 44
11 20
16 55
16 69
6 9
68 1
2 54
53 69
13 65
67 34
33 14
24 3
47 34
59 14
62 44
58 25
56 73
47 62
34 74
13 19
30 57
39 16
27 32
63 20
67 74
44 63
60 60
63 25
20 39
29 41
26 71
29 65
15 0
23 14
27 47
44 65
0 22
2 24
14 54
61 50
2 2
43 52
30 49
0 24
10 36
8 65
25 74
54 36
0 42
48 37
14 40
41 75
21 69
41 76
66 2
11 25
30 50
1 66
38 37
19 33
31 19
22 28
11 28
58 0
37 67
19 66
37 59
36 67
0 21
68 45
35 68
29 13
12 24
30 36
13 40
14 24
24 1
39 6
14 45
52 32
24 53
68 68
32 25
18 61
21 59
24 13
62 75
25 40
17 6
45 16
21 20
58 45
49 24
42 67
36 58
22 44
43 48
44 27
53 38
68 28
10 26
0 27
7 71
45 1
10 16
55 10
59 42
14 46
9 58
6 25
33 13
25 75
22 25
8 22
26 74
66 63
8 26
53 20
60 32
26 2
21 70
66 10
28 22
42 68
52 11
15 30
58 49
24 45
22 61
51 31
21 28
22 16
44 31
48 9
26 0
62 66
35 11
22 54
29 18
21 74
21 22
7 4
5 76
44 75
33 21
41 22
26 47
36 25
68 2
24 19
56 56
49 5
5 9
60 15
10 25
40 69
29 7
56 19
65 55
42 36
39 38
67 28
31 48
37 17
30 41
19 57
61 41
34 7
57 58
20 51
15 33
31 29
53 25
39 56
30 60
49 41
62 26
2 35
34 25
20 9
33 29
60 39
14 64
64 15
35 37
17 18
46 43
39 57
55 14
15 50
42 72
66 37
31 46
57 65
49 13
2 76
38 41
34 73
54 56
28 66
51 65
23 1
5 46
60 54
20 7
42 46
66 46
27 44
7 31
57 67
22 62
61 2
8 73
29 33
41 37
63 60
30 15
31 49
58 66
27 45
55 0
42 41
14 62
55 60
12 20
36 66
53 36
18 16
54 42
51 5
36 57
68 38
61 22
63 63
16 48
58 30
59 6
18 76
32 12
43 27
33 27
2 9
25 69
3 44
44 20
45 34
44 58
35 1
15 70
17 12
38 15
19 0
65 29
24 50
34 22
34 58
49 55
49 6
9 59
8 68
29 14
44 17
0 9
4 44
35 24
44 60
68 33
56 69
23 34
33 37
18 50
14 18
42 52
60 73
44 72
31 67
36 44
12 10
7 25
35 31
46 4
4 56
56 13
46 36
57 38
53 44
43 8
28 1
15 45
55 4
37 22
24 33
65 46
48 34
27 2
0 5
27 72
1 45
60 61
38 51
55 33
25 52
23 44
63 30
56 40
20 62
3 14
10 5
48 46
46 39
16 22
27 54
12 32
49 50
3 40
50 59
61 27
1 16
60 0
40 13
52 17
66 70
1 57
26 29
12 30
52 30
66 22
13 10
13 37
33 10
38 54
28 14
38 34
19 3
45 53
60 55
68 69
24 75
23 13
60 33
61 76
26 68
39 10
6 50
12 75
68 50
2 55
13 61
49 27
37 38
37 64
14 1
8 75
14 13
68 0
51 73
7 29
44 1
5 11
13 68
28 17
7 43
68 70
49 47
30 72
62 25
26 64
10 61
31 50
5 36
20 14
46 8
12 42
11 57
13 2
30 39
36 61
62 33
66 9
13 24
12 49
54 19
48 7
34 2
47 14
11 18
39 75
16 16
52 72
56 48
64 57
59 30
48 53
9 10
25 23
19 18
68 36
49 9
40 75
22 74
40 33
21 71
60 8
36 46
56 72
67 3
52 24
3 50
61 20
6 55
22 15
20 3
54 10
52 41
41 30
21 0
19 41
10 13
4 68
63 52
13 35
3 73
9 56
19 25
13 42
48 8
59 44
54 75
41 38
4 8
63 13
45 3
49 45
26 54
43 9
18 17
21 41
42 19
37 71
11 54
23 50
25 44
62 34
64 64
23 36
53 22
52 75
11 45
0 50
66 60
6 12
22 50
14 42
51 1
18 55
55 54
43 60
58 12
58 65
20 36
19 50
65 43
48 48
15 32
52 52
35 43
31 10
61 56
21 39
55 17
52 27
49 70
55 56
24 38
64 63
55 37
56 70
35 41
64 24
28 30
37 63
3 25
32 15
62 43
65 11
34 48
21 17
16 3
33 59
9 61
40 27
53 48
24 28
14 75
8 13
31 33
22 49
42 48
26 67
13 52
59 71
27 29
17 52
35 8
37 14
43 57
15 26
12 65
31 27
54 58
44 11
63 19
58 75
19 13
60 56
25 1
19 31
16 70
21 40
54 40
32 60
55 8
46 26
62 71
68 3
11 74
18 6
66 30
44 13
21 62
1 18
48 54
40 52
31 65
10 64
64 29
54 49
6 40
49 2
48 30
29 25
48 12
31 61
62 40
39 45
64 16
33 44
36 45
13 50
17 72
42 13
46 18
18 72
67 37
46 54
53 6
0 19
68 25
14 49
38 31
13 66
54 66
66 57
25 68
1 65
43 16
26 32
62 14
12 70
20 40
48 43
12 63
41 8
46 24
61 74
56 60
35 59
11 17
47 50
58 51
20 57
5 1
67 61
16 65
66 5
42 10
2 65
10 69
22 59
1 75
5 8
32 8
33 45
10 56
58 33
17 37
57 15
63 76
67 23
68 74
1 70
13 60
45 46
59 2
13 14
56 46
49 18
13 11
14 28
5 52
46 16
5 65
3 6
62 72
37 58
27 57
49 32
58 62
41 67
9 38
10 23
17 5
13 1
2 59
25 33
59 12
11 7
0 45
59 26
6 23
33 68
53 59
51 74
58 48
42 69
24 29
25 21
59 50
59 76
56 17
42 16
14 9
10 8
2 71
46 46
68 61
43 31
66 26
57 40
34 30
63 24
10 44
10 62
36 73
7 32
0 2
63 47
8 0
26 57
46 45
31 18
63 67
28 70
50 13
35 3
45 38
5 51
18 60
20 17
32 73
65 71
46 58
9 0
54 71
20 11
12 72
56 11
36 28
22 75
49 46
20 49
1 13
47 12
7 10
29 40
26 58
28 38
48 36
65 63
48 0
1 59
62 65
29 22
2 31
33 19
31 31
14 15
50 11
43 34
2 44
35 70
16 75
4 73
30 8
5 34
56 5
64 17
21 16
21 21
6 51
10 43
1 43
68 14
33 5
65 74
5 14
45 30
17 73
38 53
28 28
52 1
66 12
5 29
53 74
29 26
51 34
35 16
37 44
32 31
15 48
45 4
28 8
14 19
58 58
48 38
58 61
20 55
58 7
0 54
64 71
57 12
25 72
12 3
2 15
8 23
27 55
23 38
50 50
58 64
45 2
64 30
31 25
17 46
53 2
53 41
65 75
64 76
12 41
56 42
39 19
47 21
19 38
7 34
58 43
43 11
30 27
12 74
20 38
40 10
5 15
44 61
20 32
67 10
50 16
18 35
6 2
0 8
53 73
1 44
47 72
23 16
58 39
20 26
66 34
48 51
8 60
51 10
35 0
22 66
25 10
52 57
34 20
36 8
1 11
12 31
54 9
58 76
18 14
47 69
24 24
41 24
27 61
47 24
0 16
3 52
2 74
55 70
17 68
0 65
21 37
27 3
20 19
1 36
14 38
16 44
1 53
11 62
68 44
22 17
34 29
47 49
65 49
46 38
65 35
56 1
11 33
10 3
15 63
68 20
21 67
40 73
47 7
10 12
6 7
1 67
55 47
44 7
6 73
49 15
30 76
6 71
41 35
19 64
49 8
60 6
25 46
0 67
34 57
15 67
56 76
16 59
19 15
18 7
57 36
44 49
27 16
45 31
58 27
49 42
32 53
44 35
34 17
60 72
29 4
5 75
44 45
34 16
55 28
57 47
13 45
10 41
12 29
56 41
12 34
1 1
18 4
29 45
54 63
5 43
64 25
68 35
67 39
50 36
6 69
9 47
7 40
31 76
53 42
42 12
21 33
54 13
6 38
33 18
67 41
65 61
6 58
67 72
67 4
8 34
51 19
62 59
24 52
27 21
67 8
7 73
16 24
47 9
29 27
28 6
7 65
13 38
8 47
11 34
48 25
10 2
62 54
26 49
39 44
60 29
43 0
62 19
30 5
41 6
54 31
15 39
22 31
13 6
3 62
23 46
41 16
48 1
0 69
18 3
14 72
13 56
11 46
47 4
45 62
49 0
0 49
15 55
46 68
37 21
12 28
44 62
67 11
47 61
5 45
11 14
27 14
42 75
56 25
47 13
14 31
33 3
7 46
24 74
0 26
5 16
40 1
7 19
50 62
4 62
57 72
51 58
67 20
52 15
31 38
11 51
59 54
28 51
52 33
58 9
43 12
7 41
36 4
39 41
38 62
11 12
39 34
0 18
1 54
16 49
18 40
33 38
45 60
31 71
48 74
33 65
17 63
62 47
11 22
43 23
34 23
43 38
5 3
41 20
37 62
66 25
59 60
25 6
10 38
22 55
11 55
33 39
45 13
29 9
36 47
47 68
54 76
28 12
35 19
4 57
13 54
3 39
12 71
44 22
63 45
28 11
21 50
18 22
57 57
8 69
52 12
33 56
34 56
2 21
44 30
55 11
28 45
1 69
36 63
59 73
29 59
56 38
62 50
57 20
65 48
55 30
48 40
51 50
39 9
15 49
26 14
19 58
46 65
45 57
35 30
50 43
38 59
18 51
23 73
0 75
60 58
12 38
22 8
36 3
55 46
25 49
22 33
50 73
27 74
7 60
36 27
52 19
31 17
50 15
27 49
28 25
26 34
64 42
10 29
45 36
2 16
29 50
12 25
39 18
30 19
42 62
39 35
38 17
27 53
13 36
28 40
19 75
48 44
61 15
3 68
53 30
46 41
1 28
49 62
16 76
39 40
46 35
23 75
4 27
36 69
64 72
11 44
10 73
29 44
59 55
4 23
7 27
47 55
4 0
12 47
51 9
47 22
34 40
34 4
36 59
8 38
1 58
66 65
62 11
28 13
4 58
22 72
41 66
49 72
59 33
56 61
6 4
16 40
48 18
18 26
63 37
37 53
31 28
0 57
0 3
59 41
25 54
10 55
63 5
66 33
60 75
58 32
66 40
14 39
13 67
13 63
52 4
23 57
32 20
29 64
63 11
33 12
33 64
1 34
10 39
46 64
3 32
43 50
59 43
12 62
30 37
33 48
59 34
38 36
60 46
25 29
2 14
17 42
14 23
24 10
53 0
34 52
25 65
36 30
51 26
12 18
44 66
45 28
63 15
3 30
32 23
59 32
0 43
41 45
16 28
9 55
55 24
59 57
41 42
64 52
50 33
30 10
8 62
31 23
29 66
44 47
47 65
43 6
28 24
45 56
56 21
31 56
22 32
32 1
26 20
38 22
58 60
11 6
64 47
45 6
7 20
48 75
48 56
23 42
2 0
45 55
55 48
45 50
33 50
64 34
23 25
61 11
27 65
41 33
58 47
39 22
57 48
39 24
39 63
67 57
31 40
22 45
56 20
57 71
41 47
20 2
16 46
37 76
60 47
65 2
57 11
4 4
31 2
19 74
29 37
41 2
50 6
68 63
39 11
43 10
57 60
36 23
46 73
16 51
14 53
40 29
12 58
34 5
12 76
42 21
39 60
56 28
56 68
56 58
43 64
39 12
20 52
61 53
43 76
9 29
30 69
38 57
37 26
49 71
59 38
39 25
1 3
38 49
39 8
7 75
37 34
0 60
23 71
1 0
67 0
44 50
15 6
65 65
8 3
2 25
26 56
5 7
55 69
6 6
34 26
30 32
49 12
55 32
46 59
45 17
21 2
10 50
9 7
40 56
24 8
66 73
28 62
56 30
64 14
33 62
4 48
25 28
49 14
15 8
46 51
65 6
37 35
25 35
58 15
27 62
2 51
28 36
2 28
56 54
20 41
51 55
10 4
14 32
36 36
28 53
61 55
9 2
37 1
67 6
40 41
26 11
2 36
9 22
50 61
37 27
38 16
22 27
3 5
14 26
44 69
46 1
9 11
61 33
20 65
20 72
2 50
36 14
24 57
7 52
51 28
31 37
8 53
55 6
61 17
14 11
18 44
17 48
38 23
31 75
38 4
67 62
11 37
5 4
1 12
41 64
19 39
23 61
15 27
44 18
44 74
22 57
30 62
11 59
64 39
35 56
33 8
61 64
6 5
37 4
13 48
6 26
62 48
10 11
55 35
68 5
23 29
50 1
29 76
30 31
4 72
47 33
64 67
40 43
63 58
24 49
30 24
11 2
41 40
42 6
0 41
56 22
0 56
40 50
55 21
68 51
58 53
30 3
4 13
68 30
34 15
19 56
63 31
59 19
63 4
66 52
5 67
34 72
58 1
67 36
6 27
65 0
4 31
0 38
64 33
10 32
6 31
29 68
66 31
38 40
62 32
66 74
32 29
14 5
37 54
38 66
40 0
37 61
40 49
7 0
64 69
30 4
38 76
41 53
67 55
51 46
63 73
34 51
34 60
30 7
47 56
25 59
12 21
59 37
60 13
37 74
20 61
4 65
41 60
26 5
2 34
51 41
54 39
8 64
19 46
18 31
3 2
38 63
4 41
32 64
3 45
17 34
8 29
56 47
26 18
60 51
33 16
15 24
4 14
65 25
41 36
27 24
34 13
29 53
36 0
16 9
67 43
34 9
10 46
1 31
46 74
0 64
21 1
15 11
20 68
22 24
10 45
42 42
36 42
47 25
22 51
24 60
3 51
30 68
25 64
8 8
49 66
14 59
29 10
36 34
66 24
21 47
65 20
65 56
17 32
45 25
18 59
21 8
9 66
19 70
0 55
4 49
4 22
20 24
11 48
4 60
21 23
59 47
19 26
29 49
51 54
48 10
7 26
68 21
40 20
25 12
22 9
26 16
23 64
15 1
19 4
11 40
66 71
33 0
61 39
35 29
46 27
34 18
9 54
64 48
36 60
27 56
22 14
41 23
61 63
60 12
32 63
61 26
39 33
54 0
7 44
16 67
3 72
35 62
9 5
30 53
50 57
0 4
48 69
62 36
19 54
62 56
41 56
17 24
0 71
56 52
3 20
66 18
53 62
46 9
68 67
54 60
33 66
19 47
9 76
49 19
60 31
28 4
58 11
34 27
24 5
63 49
52 22
49 67
35 35
16 73
18 33
24 59
35 67
45 10
63 28
20 53
68 13
61 23
61 31
7 53
33 67
42 11
13 5
31 64
38 60
7 61
30 47
33 36
53 40
52 71
50 60
2 39
22 68
66 27
63 56
46 55
16 74
64 73
8 7
28 65
26 40
42 0
32 6
38 8
24 34
44 34
15 29
3 64
47 11
36 51
10 47
13 74
38 74
23 39
45 40
6 57
67 67
0 53
35 50
48 60
16 1
61 67
12 9
63 72
66 11
47 48
64 46
26 63
3 13
33 74
50 14
25 17
54 62
28 43
49 7
40 17
17 13
28 57
32 9
66 62
40 53
52 45
9 21
37 72
57 22
40 28
31 58
14 14
39 72
2 62
21 49
47 67
38 2
54 54
11 1
30 70
45 26
21 31
59 8
34 65
34 37
5 26
10 20
47 23
48 32
62 31
20 23
35 23
62 46
25 37
31 20
6 54
4 33
11 67
31 45
37 55
14 7
41 0
37 0
7 23
53 37
61 61
16 0
60 64
57 28
18 53
44 29
39 20
36 43
55 64
13 27
64 68
42 28
35 71
34 24
48 52
0 33
39 37
24 61
22 38
15 76
11 61
34 67
50 44
45 9
64 8
32 35
29 72
12 5
62 52
67 26
41 31
2 56
42 33
48 47
42 18
66 13
5 60
35 46
66 66
16 17
52 26
20 15
62 60
40 35
25 76
1 55
9 49
13 15
56 62
47 41
26 44
0 39
47 6
60 40
68 24
45 32
30 28
67 29
11 47
46 29
25 42
52 51
56 0
19 17
32 46
12 52
42 47
52 76
61 3
36 26
28 54
42 56
31 13
62 17
0 40
33 1
16 64
56 2
33 51
32 13
41 26
1 27
27 58
31 59
66 64
38 11
0 51
50 4
59 3
32 32
63 18
50 71
23 35
25 18
13 4
2 48
47 57
25 26
43 29
52 39
22 70
10 71
39 59
7 48
42 35
27 15
59 69
11 16
50 52
47 16
12 17
57 43
42 60
22 26
9 20
4 51
32 22
9 73
48 5
22 42
41 32
68 73
63 41
1 71
11 27
23 67
61 14
10 34
13 71
42 14
15 64
42 3
37 8
60 36
20 30
35 44
28 37
40 3
7 5
11 31
17 31
15 52
53 34
21 14
65 39
25 30
14 60
33 57
32 47
2 45
10 6
4 3
24 35
24 36
18 5
52 56
56 7
60 66
27 11
56 75
3 12
6 75
11 3
42 24
3 48
1 4
60 70
15 20
19 11
6 17
19 62
5 22
4 52
65 21
50 23
66 28
49 3
3 7
54 33
30 55
55 76
37 12
61 57
51 71
5 24
51 16
45 68
42 20
9 4
51 38
49 10
15 61
67 65
27 33
10 24
54 45
65 9
42 39
63 22
24 62
37 39
66 19
45 11
0 48
52 40
27 37
31 30
67 50
35 20
54 28
18 18
0 73
24 70
0 47
29 35
34 39
5 0
20 47
58 19
3 29
64 0
38 32
51 13
36 75
51 51
39 64
1 73
54 68
37 46
3 41
12 1
27 22
54 70
30 67
9 3
48 64
5 44
30 46
23 2
36 48
33 40
50 8
22 41
30 35
22 43
47 46
57 8
18 42
24 9
66 3
24 4
25 48
35 14
8 35
32 27
33 6
10 15
44 26
57 56
68 57
17 2
31 16
23 40
24 69
60 5
33 4
68 41
68 34
46 7
26 27
57 76
12 37
0 35
29 71
21 61
36 55
18 0
63 10
54 12
54 11
48 41
0 14
6 18
23 59
5 57
40 37
21 24
28 76
46 37
60 41
10 10
17 17
57 41
12 53
66 55
62 3
3 11
50 9
57 4
61 44
6 76
25 57
42 43
35 74
16 32
41 70
12 23
45 48
4 43
17 39
56 49
40 60
29 1
65 1
54 64
5 19
31 55
53 29
52 70
49 73
24 68
26 38
17 11
43 21
54 8
29 31
47 53
66 69
61 48
35 53
12 39
61 75
32 54
9 37
16 34
40 12
60 30
20 20
19 5
34 41
27 39
14 22
67 24
66 4
42 71
52 2
24 47
17 20
12 64
8 20
3 70
53 7
29 70
54 16
26 45
6 39
16 61
38 68
5 13
13 31
11 21
45 27
42 26
0 31
21 73
20 1
28 75
33 11
24 42
33 52
30 14
4 21
66 23
38 5
53 8
5 25
33 15
9 69
52 35
5 73
24 41
20 12
26 46
4 45
38 48
25 56
60 28
23 20
18 54
40 71
62 13
47 52
57 69
55 38
64 22
36 49
27 38
24 11
46 12
27 30
35 65
31 66
36 35
68 59
22 34
3 34
47 10
11 9
8 76
31 68
35 66
58 26
59 1
60 76
63 65
17 64
19 69
49 38
17 76
26 31
11 76
8 25
47 39
15 60
47 8
37 45
30 58
49 28
6 70
39 31
8 21
24 15
43 68
32 71
31 51
2 18
25 70
44 25
26 75
43 45
1 6
43 40
25 0
52 54
32 30
22 37
17 61
15 40
40 64
34 63
46 47
42 54
13 51
18 71
19 52
50 74
51 66
12 57
37 9
57 19
31 63
21 7
42 66
61 40
59 7
42 22
4 42
64 3
55 9
37 70
59 56
46 32
16 14
56 15
22 76
59 4
9 53
3 21
65 3
22 53
32 24
58 57
53 64
39 66
29 23
51 20
24 58
23 52
15 37
27 41
51 2
59 74
64 7
40 31
8 16
10 67
51 7
52 25
31 0
14 3
66 35
55 13
41 41
62 0
15 69
7 11
19 37
9 39
39 5
47 29
45 29
50 19
30 75
20 13
53 33
2 19
1 21
16 29
60 17
20 6
33 72
40 14
34 66
19 63
9 31
0 10
67 47
25 66
5 39
59 58
65 67
34 6
39 53
57 30
19 20
54 34
56 45
4 76
50 20
52 50
12 67
59 48
61 72
49 1
13 18
20 21
57 42
46 63
29 51
43 49
58 71
25 2
27 13
55 50
61 1
15 23
27 67
15 17
41 39
18 49
8 12
28 48
19 21
3 36
3 31
60 26
44 19
22 0
13 62
30 48
1 64
1 5
58 14
18 52
65 54
65 32
61 38
50 37
51 40
6 13
61 66
1 26
31 74
67 19
0 6
3 3
63 34
26 73
36 76
16 21
51 4
56 6
51 35
15 53
8 49
19 28
64 74
55 65
29 32
20 42
53 28
29 42
14 61
31 36
4 6
32 38
67 16
44 51
39 7
8 61
9 41
61 36
57 61
32 18
55 45
23 21
37 37
9 18
16 18
3 43
43 28
66 50
16 47
13 57
57 75
46 72
63 70
65 10
58 44
47 74
64 56
61 51
38 14
38 13
50 67
39 61
18 48
53 15
29 12
30 9
68 58
9 15
4 9
35 51
50 3
38 7
65 27
5 66
63 12
68 16
28 0
28 50
1 25
57 27
62 39
8 48
36 50
50 42
54 55
56 53
52 74
44 3
10 48
65 51
22 13
13 30
41 72
48 68
32 2
30 1
23 63
68 31
52 59
11 26
52 8
35 58
33 43
2 75
17 71
32 56
49 76
28 27
20 56
9 65
29 8
32 14
37 33
37 52
13 20
58 20
23 31
49 75
53 35
28 42
48 15
54 52
18 2
48 71
45 49
50 41
57 25
8 41
14 29
1 35
30 66
47 71
14 50
25 62
12 2
56 3
25 38
18 73
60 16
1 8
53 39
2 5
14 63
65 12
1 2
50 64
26 12
63 57
7 22
59 66
50 34
67 52
2 11
51 18
51 37
18 28
60 23
44 6
34 47
16 66
47 36
2 20
57 49
48 17
56 37
28 55
62 38
1 51
64 20
22 40
49 36
46 62
0 61
48 35
66 75
7 36
42 2
29 2
9 23
40 34
27 28
48 22
18 67
4 46
44 38
52 73
1 76
64 43
60 27
17 49
23 65
12 11
8 55
6 72
61 70
50 12
9 42
12 27
46 66
14 30
15 15
60 10
53 58
33 49
65 70
50 35
53 11
28 5
2 52
66 76
40 16
17 1
55 5
29 24
61 19
53 70
68 39
1 38
10 28
61 71
27 70
1 47
9 63
9 44
23 55
47 47
67 7
65 47
55 58
10 30
4 36
39 46
45 39
10 33
2 53
27 1
19 67
39 17
41 43
50 58
41 34
40 42
8 74
31 3
26 48
61 9
55 3
13 16
3 46
3 42
38 6
4 1
26 33
60 71
64 32
68 7
13 70
51 75
6 46
50 21
64 55
20 29
0 12
51 6
38 38
32 4
54 23
66 49
64 31
53 45
54 27
31 26
18 36
53 21
42 65
47 40
58 36
49 16
25 61
45 22
14 27
15 51
8 46
13 39
49 63
40 62
9 26
33 17
48 66
57 39
23 23
44 23
25 14
33 47
65 60
68 56
32 49
13 9
51 0
49 60
1 41
60 49
68 72
31 12
63 51
17 62
64 36
37 24
56 74
52 53
33 75
8 28
6 37
24 23
60 11
34 76
6 60
43 30
55 71
65 15
67 68
13 72
49 69
9 52
56 18
59 23
40 24
22 67
41 12
57 51
54 21
25 24
55 43
40 38
9 28
66 17
16 31
60 9
59 21
24 18
20 34
37 47
16 19
38 44
8 11
47 66
23 37
59 9
20 16
5 40
23 0
49 48
43 7
55 40
27 17
46 60
32 74
30 65
19 6
64 53
67 5
15 5
10 1
30 30
17 58
65 14
9 6
47 2
56 9
36 22
15 59
44 53
18 66
40 72
26 76
61 24
28 33
0 29
15 62
58 34
16 58
67 35
19 72
26 25
11 65
7 64
23 43
57 33
58 69
0 7
33 76
33 30
47 44
6 52
39 70
35 57
17 66
26 15
67 44
65 69
52 42
60 48
19 40
37 48
60 63
14 71
13 13
18 64
54 6
35 76
65 59
49 34
14 66
64 58
0 20
65 17
64 59
3 28
39 13
18 43
2 47
4 29
24 37
5 2
27 71
41 74
3 63
41 25
68 12
34 32
54 17
9 36
8 5
30 43
10 59
23 49
40 39
13 28
30 26
16 33
35 33
55 34
47 27
33 55
1 60
21 45
25 50
47 64
34 21
52 65
52 10
32 33
9 1
27 26
60 67
13 12
14 10
14 68
21 46
9 14
62 74
32 65
11 73
51 3
17 75
39 67
21 27
13 58
12 46
37 73
15 16
29 52
57 74
11 10
52 36
54 18
20 25
6 48
21 55
19 2
33 70
2 69
37 32
45 12
26 53
9 34
51 22
31 22
27 36
24 39
16 10
45 76
23 58
53 68
14 6
16 13
4 61
39 2
47 37
49 30
28 9
57 35
49 52
2 8
62 51
51 72
5 23
5 49
23 26
19 34
51 30
56 65
37 75
42 1
46 42
39 76
57 24
5 68
54 46
29 47
50 63
16 5
40 54
29 5
48 42
40 46
68 26
53 43
8 50
21 63
2 38
7 68
23 3
19 45
14 73
39 43
31 60
40 76
39 15
68 75
8 30
17 41
61 59
10 58
20 69
7 14
14 52
52 18
4 63
46 3
47 54
17 51
51 62
7 56
26 22
41 21
66 48
60 43
50 56
5 55
24 20
62 61
24 46
5 20
30 25
15 4
66 67
4 18
62 73
9 74
40 15
0 13
19 48
23 6
63 2
65 38
47 42
54 3
16 53
58 68
23 9
29 36
44 52
66 58
41 59
48 45
52 46
35 39
53 65
19 51
59 24
63 66
12 54
43 72
12 50
3 49
45 21
1 52
60 59
59 72
54 37
18 65
21 12
2 46
54 38
6 11
2 33
33 23
24 66
53 57
2 67
27 50
34 19
62 24
60 18
18 57
54 29
43 4
25 34
27 19
54 43
43 51
59 0
43 70
15 68
15 54
65 16
55 44
14 21
12 40
28 59
55 49
34 33
18 9
6 21
20 31
23 4
11 72
66 59
33 54
5 38
36 2
38 29
26 36
26 28
39 3
25 16
31 7
36 33
52 38
19 65
55 29
67 54
6 63
64 41
28 29
55 72
16 8
58 38
37 29
17 33
10 52
60 14
52 20
26 8
24 2
17 9
18 39
61 43
19 27
19 30
2 63
26 17
35 17
43 17
12 13
16 27
57 5
10 72
61 35
68 6
23 68
68 71
41 10
43 55
57 31
17 55
63 23
18 8
11 23
23 47
63 46
34 1
44 21
61 46
8 10
48 49
54 73
2 57
17 30
4 2
14 74
65 37
37 42
43 62
57 34
57 9
47 70
7 45
47 30
52 49
55 22
62 16
42 4
39 26
40 25
37 15
20 59
65 4
7 76
8 58
26 21
44 64
20 63
68 62
20 28
8 40
52 14
44 73
46 67
24 21
36 19
45 71
27 59
17 28
8 67
12 73
28 72
36 17
4 19
47 5
5 56
1 9
40 47
2 41
36 70
62 23
35 69
23 11
59 75
42 32
53 61
65 66
60 20
53 19
1 68
19 9
55 57
11 70
36 37
43 18
50 46
38 61
17 50
52 60
62 63
56 32
68 11
17 70
26 55
45 23
0 0
27 75
24 72
44 44
22 10
33 46
58 22
43 66
26 50
58 56
18 24
12 44
23 24
64 6
31 41
8 33
21 38
34 31
0 63
47 3
18 69
7 2
23 10
41 63
61 25
1 10
43 2
22 65
61 6
34 44
32 39
3 23
42 25
10 57
15 57
9 45
33 22
24 22
1 56
35 15
15 36
66 20
53 47
2 66
27 12
18 68
14 36
39 27
14 33
51 52
53 66
57 66
38 75
12 45
45 74
39 4
22 5
1 46
62 45
51 47
22 18
48 27
67 22
56 50
52 63
1 63
24 0
4 66
38 21
29 61
54 24
6 41
31 39
63 14
11 56
35 34
21 44
48 24
55 1
51 70
33 31
8 59
1 39
56 67
56 24
65 68
17 4
7 72
0 70
46 71
19 44
11 13
16 12
50 48
57 45
63 8
60 21
12 69
25 71
15 18
65 30
1 19
31 32
13 73
30 42
59 28
55 36
13 17
23 51
4 39
66 44
59 35
66 14
40 48
53 12
45 70
3 17
30 21
46 6
29 43
34 0
31 8
15 25
9 50
26 66
59 65
21 64
33 24
42 17
39 49
52 69
42 45
51 21
17 22
17 57
2 17
68 23
65 5
20 50
3 8
53 60
5 70
39 55
11 0
31 5
17 36
39 23
53 5
31 6
48 11
11 15
8 66
62 76
6 43
28 39
42 70
39 73
60 3
24 56
59 16
36 64
28 26
65 8
7 15
25 45
52 23
3 22
5 72
45 66
47 17
47 59
32 19
16 56
55 51
32 37
60 45
38 42
27 63
22 56
5 37
54 72
33 7
57 59
15 75
67 60
36 16
44 76
35 2
64 1
42 51
43 35
43 71
17 0
61 21