64 70 3043
33 66
30 56
49 56
0 60
6 67
58 48
8 56
10 10
48 1
54 31
2 69
24 56
36 30
29 51
9 39
20 65
38 37
5 28
1 58
52 15
30 38
49 9
9 48
42 43
12 60
5 25
4 64
35 38
4 57
63 9
42 34
35 57
57 65
55 37
41 5
59 38
27 25
10 53
50 40
21 66
56 55
10 4
23 1
30 35
13 24
44 1
60 37
49 10
4 67
56 0
31 2
53 11
0 31
35 48
22 55
33 13
5 14
22 7
40 15
60 41
3 7
0 27
1 23
62 45
52 22
21 21
5 56
43 57
44 59
53 27
37 45
4 63
55 12
60 67
18 60
58 35
62 20
15 40
28 36
36 43
36 59
21 47
54 16
9 6
10 27
15 17
61 1
16 65
63 65
13 8
53 58
24 17
29 11
38 69
49 28
32 1
27 1
7 18
36 8
39 56
21 54
31 30
16 11
63 39
60 28
39 39
36 0
43 53
23 11
28 4
13 68
34 39
25 50
16 51
11 56
34 66
37 61
14 65
25 60
16 61
24 9
20 23
20 59
0 56
16 34
55 31
38 10
51 22
53 14
25 0
48 64
3 46
19 22
43 66
26 52
53 25
36 27
56 33
42 28
13 15
4 46
29 34
34 11
44 28
3 18
45 28
57 38
45 19
37 26
54 60
13 52
22 42
17 9
17 27
45 17
0 35
23 62
55 23
53 68
63 15
44 15
21 59
34 13
51 37
19 52
14 37
50 11
9 60
3 68
31 41
46 24
35 51
19 3
33 32
57 50
5 47
33 3
20 14
60 36
21 32
23 63
57 58
15 41
17 59
41 31
26 42
25 67
12 1
23 49
63 13
49 25
11 24
4 24
52 63
16 17
58 16
19 39
10 42
58 37
45 49
27 7
45 31
18 24
17 8
56 16
26 46
26 38
5 45
42 39
40 33
43 45
4 29
34 17
57 48
49 46
13 37
22 36
13 26
23 40
54 41
9 21
7 50
57 53
13 42
34 22
15 9
23 46
39 55
59 34
51 7
17 62
61 10
27 58
0 1
20 39
59 8
25 39
38 8
29 41
44 58
22 51
55 28
28 16
3 20
19 12
49 69
50 6
44 62
58 57
18 21
2 28
27 8
7 40
45 3
44 17
58 10
60 14
53 7
59 2
21 42
44 19
23 22
22 38
56 43
26 18
14 4
63 46
26 17
35 18
54 49
20 31
58 36
28 12
11 63
24 0
8 67
45 26
48 42
21 26
28 56
24 32
1 64
16 15
3 27
61 28
18 53
58 47
27 47
63 62
20 44
20 12
35 16
14 49
24 13
49 43
16 47
55 2
44 18
46 32
16 63
33 37
59 66
52 53
8 48
35 4
21 12
42 15
1 11
34 58
54 25
18 29
17 69
36 11
37 48
47 5
36 17
4 15
59 5
40 51
30 8
34 18
31 60
46 41
1 55
23 28
34 53
5 66
20 42
27 35
10 18
31 12
22 44
49 24
34 33
62 47
21 51
35 1
29 49
49 51
48 4
43 11
3 38
24 58
1 65
63 33
32 15
31 45
6 47
63 61
3 8
45 50
47 68
24 45
2 38
62 50
33 44
7 29
43 36
45 30
20 24
52 36
4 9
30 60
3 3
53 67
61 33
57 54
25 14
51 25
24 2
58 23
63 48
0 67
34 28
32 52
25 69
61 14
57 5
37 2
60 42
29 61
28 44
33 15
48 31
13 11
12 44
2 6
46 57
32 64
25 28
60 1
3 30
41 66
16 69
22 32
48 45
45 54
31 69
2 15
54 52
16 13
25 3
42 4
5 34
48 6
18 49
44 3
57 39
25 6
24 21
40 22
51 49
29 29
47 50
48 69
52 54
32 47
11 30
24 65
45 34
45 43
59 35
51 34
32 44
30 10
58 63
4 19
28 58
31 13
26 59
0 17
43 29
9 47
59 67
15 34
52 66
7 46
1 5
1 26
23 30
16 50
47 41
43 55
44 2
47 27
44 64
0 48
14 63
32 7
61 64
27 64
17 60
43 32
38 12
10 0
23 53
34 5
37 22
11 5
59 62
27 21
25 41
1 68
27 50
42 49
61 19
18 2
51 8
40 10
18 67
32 55
62 69
3 14
50 35
36 66
48 26
9 5
58 4
37 16
0 39
52 49
46 42
12 25
59 61
2 54
35 43
8 53
33 23
33 28
16 33
28 32
43 12
6 14
9 55
2 51
41 22
57 45
34 63
45 25
5 6
11 34
3 39
24 12
28 15
41 28
58 34
3 36
39 54
30 30
14 69
62 28
53 47
53 48
40 41
32 11
31 63
58 54
50 55
33 24
26 31
60 10
32 28
41 61
38 28
49 45
7 30
2 1
23 45
50 68
17 26
1 52
41 58
40 38
21 9
37 35
28 55
28 13
36 36
61 51
12 8
57 1
22 29
49 49
54 38
53 24
51 67
35 12
48 22
7 48
4 7
56 62
29 13
26 5
46 5
21 41
23 6
36 31
37 30
15 60
4 28
56 11
62 2
39 46
60 51
62 36
0 15
40 17
56 59
58 27
16 46
29 52
31 42
55 39
39 13
2 67
26 9
2 58
15 62
62 49
5 13
17 10
33 50
53 63
12 4
46 47
1 43
10 37
62 38
62 64
48 21
37 38
2 40
36 21
17 4
8 22
14 21
10 24
7 68
20 68
63 60
1 66
29 65
49 47
9 67
5 63
46 35
38 56
55 46
58 42
26 6
20 25
31 3
54 18
5 48
40 0
19 4
3 50
27 39
40 63
55 52
25 48
8 45
22 6
55 7
8 50
35 39
9 58
30 65
5 4
24 46
1 49
18 37
8 69
42 17
4 45
18 26
53 57
40 52
56 4
4 14
14 5
45 64
51 17
21 48
27 49
44 51
37 12
18 19
21 35
11 2
12 31
39 22
14 13
5 16
26 28
59 13
46 55
49 55
30 45
27 12
60 43
6 9
33 52
5 60
39 64
59 60
24 47
63 8
51 46
13 13
61 61
42 35
50 9
8 20
19 10
23 58
15 2
24 39
58 60
36 51
26 16
29 25
33 65
20 11
20 32
1 10
42 31
37 46
56 68
4 59
50 24
18 45
13 43
59 6
16 59
6 28
20 26
62 7
56 37
47 3
58 59
47 26
49 67
57 10
62 39
55 32
39 66
16 16
9 64
52 45
37 3
54 63
44 24
17 47
9 52
20 16
55 22
32 17
19 17
21 33
0 12
36 29
32 31
14 25
52 18
2 49
35 25
45 62
22 20
57 3
55 41
16 40
16 42
46 45
52 3
47 11
24 36
34 52
2 12
45 33
44 56
63 29
14 39
4 60
45 5
44 22
6 16
26 67
50 21
42 26
39 63
46 30
37 8
59 42
26 10
50 7
34 65
27 10
31 61
60 16
45 23
19 15
59 24
4 1
24 41
44 25
53 6
34 56
5 23
20 45
28 34
55 20
55 14
63 56
50 31
58 66
8 34
17 23
15 19
51 28
0 33
27 23
1 25
26 29
61 58
28 51
37 14
22 31
1 14
15 20
6 44
47 47
45 10
14 56
56 66
12 28
57 2
36 48
8 60
1 29
9 12
12 12
23 5
21 60
62 41
37 40
28 29
36 34
23 13
57 56
4 65
24 61
33 17
25 27
31 36
28 31
54 24
15 37
38 24
49 0
11 35
63 12
53 52
34 12
50 48
63 4
35 3
21 17
55 35
35 64
31 26
44 57
47 0
9 10
16 38
63 28
56 20
20 48
25 66
6 62
63 50
6 30
7 44
13 4
19 19
43 26
51 27
45 41
39 44
8 63
58 58
14 48
34 67
33 69
38 48
7 49
38 21
50 19
24 51
14 15
18 1
42 53
63 7
18 12
10 8
39 7
29 8
44 8
6 45
54 69
21 49
4 36
48 5
55 10
15 43
22 30
39 32
56 1
39 42
43 24
17 38
27 46
20 47
54 11
20 19
6 11
38 15
48 11
52 68
61 66
15 31
25 38
35 34
22 48
50 50
58 6
3 12
50 0
11 43
62 68
58 30
18 59
19 61
22 46
19 63
3 0
25 36
43 9
45 47
32 68
15 29
30 6
26 25
54 42
33 8
0 16
51 44
61 32
18 68
1 40
2 66
1 21
28 27
9 16
24 64
5 26
50 4
61 52
21 14
34 24
28 48
47 62
19 69
34 4
45 61
21 36
19 45
52 9
61 49
53 43
32 37
1 16
53 16
56 28
51 53
51 31
61 44
46 4
29 45
54 39
14 44
12 37
34 69
7 0
21 55
12 45
20 28
25 5
38 64
27 59
32 35
11 14
55 57
7 41
57 42
20 7
51 32
38 61
34 38
15 39
31 46
9 7
5 40
52 48
47 12
20 22
17 58
28 11
54 0
6 63
11 15
57 35
1 6
21 1
43 28
21 45
40 24
8 52
20 38
10 69
32 38
43 60
34 35
46 56
0 41
63 36
34 41
39 10
29 36
59 26
8 58
58 32
22 62
11 27
59 59
62 15
51 62
59 1
18 18
25 7
26 7
51 65
32 39
52 44
57 11
37 41
29 20
58 25
35 20
30 13
48 53
18 64
40 26
45 1
13 28
11 46
48 44
50 46
38 30
26 58
4 55
29 38
14 46
3 25
10 51
41 37
48 56
5 32
58 52
59 14
49 53
12 48
17 34
56 41
11 50
55 55
19 11
11 59
38 53
15 53
40 60
52 57
47 58
39 28
18 8
24 40
52 41
24 27
41 30
62 13
47 64
40 47
14 8
17 53
17 48
40 14
6 37
54 14
22 16
35 17
54 9
63 40
57 18
10 44
23 4
15 58
43 63
50 49
43 44
14 20
34 14
7 35
15 64
39 61
32 43
24 1
48 63
12 46
54 20
7 23
43 38
31 7
11 49
10 50
50 58
28 52
55 50
18 30
7 51
47 18
2 41
30 32
47 61
53 26
26 48
30 64
30 24
38 67
18 55
32 33
61 46
63 24
39 27
50 17
62 37
56 44
19 65
31 18
34 31
21 52
12 18
41 67
9 27
62 25
37 32
6 69
39 34
12 38
21 7
14 35
27 55
41 34
28 37
30 52
10 2
23 9
36 26
29 50
25 43
3 67
21 62
7 61
15 23
51 40
13 41
59 19
2 0
40 56
4 38
43 43
35 60
56 14
53 33
38 43
16 27
20 4
46 20
30 12
35 13
46 64
35 2
52 64
36 37
42 51
51 57
62 32
62 8
28 7
28 50
25 10
55 0
48 60
33 49
61 23
10 14
45 67
31 57
58 40
5 30
8 47
11 37
49 30
45 56
14 66
33 7
43 2
39 36
51 39
0 55
57 30
3 66
32 65
59 25
20 41
51 12
43 10
2 37
10 65
46 21
38 29
55 33
2 8
25 21
12 5
44 30
43 42
48 39
7 60
26 41
46 48
38 27
40 65
49 8
32 59
49 41
51 29
23 27
52 42
4 62
12 26
61 8
17 39
41 48
11 9
26 51
6 26
35 14
58 9
6 39
37 69
24 35
55 48
22 0
15 66
40 57
46 26
61 47
53 37
63 59
14 26
56 63
5 42
24 5
32 69
2 18
47 20
49 33
6 20
38 32
44 43
11 25
58 12
31 28
37 56
42 52
58 8
48 37
46 13
30 7
47 14
32 24
22 28
15 54
12 41
63 47
3 23
17 11
53 36
49 60
37 66
57 60
35 55
11 38
38 5
23 37
44 48
19 41
40 8
43 50
9 41
57 51
3 53
36 12
62 17
54 6
54 59
14 57
13 54
0 66
14 19
57 64
34 68
52 11
33 48
11 22
22 39
43 54
39 48
11 53
62 10
28 41
27 61
33 39
17 29
1 42
36 50
8 18
5 50
18 56
45 42
31 15
39 14
49 44
59 9
57 49
31 37
49 27
49 34
59 50
27 52
0 63
52 4
50 56
29 3
45 44
54 4
22 33
31 25
20 30
62 22
61 41
23 64
55 15
56 39
52 14
61 6
50 60
59 55
52 34
36 69
39 51
35 68
3 41
35 30
2 25
22 58
17 31
57 33
15 36
38 41
2 23
55 18
40 48
35 40
59 32
5 31
25 19
26 66
61 65
48 17
33 6
44 50
4 8
3 15
42 30
12 61
39 57
25 15
2 35
46 59
49 48
25 2
58 7
59 17
55 43
58 43
58 21
4 54
43 7
57 6
7 54
14 55
33 21
3 47
35 36
35 5
37 39
28 25
4 69
26 63
61 50
20 51
63 42
7 59
30 43
56 67
8 31
10 31
52 1
36 28
55 60
13 21
47 22
2 52
26 36
62 27
11 58
8 33
12 54
23 61
63 43
10 6
54 56
40 18
47 52
29 22
41 14
31 4
20 0
55 42
21 38
0 19
40 35
58 1
47 33
48 34
26 50
27 31
14 18
3 64
57 41
11 62
54 51
21 57
52 37
32 60
52 12
2 26
29 59
13 53
42 56
58 68
24 49
30 11
13 19
41 9
46 51
50 20
60 33
53 66
0 11
0 50
58 55
11 18
33 25
48 66
22 49
22 12
53 0
31 52
51 63
40 9
59 12
46 14
17 18
12 0
42 27
28 30
31 44
4 5
61 55
14 59
51 21
32 48
24 25
11 47
28 10
33 54
34 57
35 56
0 3
41 25
3 1
18 13
36 20
51 60
35 21
35 32
45 24
36 5
44 52
5 8
28 49
27 44
29 31
41 11
49 57
17 28
43 67
60 13
18 33
44 14
34 15
52 65
44 23
3 10
13 61
40 37
21 11
54 17
60 11
43 8
1 24
59 68
32 34
9 69
15 33
38 40
13 40
59 40
17 56
60 65
31 21
29 48
60 19
38 36
47 1
41 60
24 7
25 35
35 59
17 22
49 52
47 42
53 4
63 23
9 38
35 46
38 38
21 56
12 24
19 21
47 65
5 59
23 44
37 47
10 68
62 55
16 10
61 68
23 56
63 27
39 8
38 3
10 58
1 27
14 7
25 68
1 4
19 27
47 9
18 3
1 28
54 34
21 13
59 53
55 13
16 58
55 24
36 16
10 23
28 67
4 35
37 33
30 42
46 25
12 33
23 24
10 9
2 11
23 15
23 39
56 38
44 0
62 43
10 47
48 12
9 33
42 48
51 9
3 35
1 60
2 27
32 18
36 25
35 26
46 16
20 46
50 32
14 45
48 57
10 5
28 60
42 68
50 43
2 62
12 9
14 17
19 37
50 18
9 32
22 10
5 12
38 6
29 64
44 9
27 27
45 12
21 6
23 52
45 68
61 63
2 22
7 58
8 2
12 40
31 6
11 10
43 25
51 20
63 5
53 46
53 35
31 5
55 5
4 58
16 23
41 47
37 55
56 53
58 46
13 3
3 52
24 19
10 22
55 19
11 19
46 37
38 2
19 56
25 65
53 8
17 0
25 47
30 63
49 59
33 34
15 6
22 50
17 33
18 42
7 4
41 40
54 33
1 48
42 38
29 28
7 6
44 34
41 56
34 16
62 46
0 18
59 21
23 54
29 0
36 14
49 35
53 54
43 0
37 18
13 44
37 68
30 31
61 29
15 59
9 56
13 57
56 32
56 5
14 9
62 52
23 32
41 4
54 12
57 62
24 68
28 21
37 27
53 28
60 64
22 68
17 3
55 30
0 65
12 55
19 9
16 20
61 39
16 28
40 1
30 40
39 23
63 32
14 61
27 3
5 9
50 51
43 5
42 11
34 6
10 25
43 69
12 36
48 14
28 43
13 14
45 35
55 34
53 60
40 46
57 34
43 48
54 10
58 14
32 8
15 48
38 39
47 7
16 0
31 53
33 57
18 57
42 55
59 23
47 55
46 23
7 5
2 32
5 62
27 17
7 17
16 57
24 62
34 26
23 31
6 66
44 67
36 39
7 64
11 69
8 19
42 13
62 1
23 65
22 69
56 49
53 49
11 0
31 58
46 52
30 26
53 32
32 13
34 32
1 20
46 34
21 65
11 64
14 23
57 0
47 56
15 45
50 41
44 32
7 13
1 22
40 42
36 35
57 47
24 8
61 4
46 40
16 62
26 68
0 6
37 29
37 11
14 38
34 20
37 62
23 55
14 28
15 1
8 21
27 20
23 57
48 16
37 57
0 9
25 31
0 64
46 46
46 17
27 4
54 21
17 63
30 53
11 60
54 40
46 33
13 50
49 2
22 1
21 43
55 64
40 13
60 38
31 14
63 51
1 57
2 13
53 17
21 25
18 39
20 43
37 34
16 24
3 28
20 69
57 52
5 43
14 67
20 67
27 60
21 2
44 45
60 50
51 30
41 13
10 66
15 42
20 61
15 0
15 24
38 7
59 63
37 28
6 43
27 65
8 16
4 4
52 47
27 24
61 56
41 51
40 68
24 26
53 5
48 68
9 49
9 37
18 52
7 19
6 40
31 65
46 10
41 52
46 18
52 29
54 5
50 42
63 63
49 12
30 54
31 35
30 36
15 26
42 62
8 68
40 20
5 67
53 15
12 58
51 26
63 54
31 62
4 33
19 14
35 24
3 34
44 33
52 52
61 2
45 21
34 46
32 10
60 56
54 23
10 32
52 24
40 43
9 44
8 54
55 9
31 64
4 16
21 50
43 22
41 49
51 51
3 59
25 16
4 22
38 45
52 39
39 16
23 59
21 34
49 36
8 30
31 27
38 16
5 19
28 68
11 48
32 21
5 68
62 6
31 1
16 31
39 26
4 17
43 52
25 9
8 38
8 61
39 40
13 25
41 59
36 55
17 61
7 31
36 18
41 45
39 50
4 25
22 13
26 30
8 37
63 19
3 42
55 65
43 14
41 69
23 47
6 21
17 17
22 26
63 38
43 61
52 32
35 42
45 60
63 31
55 1
7 24
52 59
25 64
35 8
17 25
24 23
54 29
19 66
5 57
4 51
24 38
12 30
46 69
47 34
39 58
19 1
32 30
13 18
37 51
59 7
39 18
50 65
47 8
49 13
59 57
27 14
10 33
2 60
26 15
32 2
8 3
45 46
9 4
21 64
45 65
52 23
12 15
9 22
51 24
2 48
42 18
50 37
39 11
30 25
24 53
5 55
53 55
57 37
15 8
27 38
21 44
10 48
33 51
60 0
37 19
29 12
36 23
33 63
0 10
21 27
40 61
4 52
33 42
51 1
30 47
34 19
62 61
44 37
9 11
3 69
28 1
38 22
58 26
0 38
42 60
15 52
40 50
57 26
62 35
40 36
35 6
12 27
13 55
10 21
20 13
8 26
19 49
47 13
18 4
14 14
20 64
32 29
28 46
42 46
42 59
48 29
14 10
26 19
34 49
15 18
63 64
27 37
26 0
32 19
35 66
34 9
9 61
57 61
40 69
25 33
57 16
21 29
58 15
16 6
57 32
11 57
15 11
0 53
49 4
48 19
29 53
62 62
32 0
50 25
4 13
6 35
3 48
51 55
60 35
7 12
40 64
43 47
5 61
46 68
8 25
57 20
37 52
60 52
33 68
39 30
33 67
23 23
61 0
37 54
49 23
13 69
18 16
30 41
11 28
41 1
14 11
33 0
47 40
32 40
47 46
58 20
13 38
40 28
27 63
30 2
48 3
6 50
11 42
50 61
55 11
9 20
38 4
0 23
35 54
52 69
7 2
38 54
47 59
48 38
52 51
29 14
34 51
63 44
17 12
39 47
56 12
8 17
58 13
8 8
62 16
15 32
63 69
9 25
0 4
27 54
46 50
13 67
20 62
18 61
28 57
39 12
0 54
52 19
46 62
31 23
10 17
12 43
36 32
34 59
2 42
57 67
42 42
59 64
34 47
6 54
12 2
37 10
6 49
24 28
46 39
29 69
1 3
35 23
15 4
27 56
52 28
30 67
62 60
15 27
42 37
59 11
13 58
3 17
13 17
7 28
9 23
50 15
57 7
22 25
26 12
19 68
0 37
42 57
48 67
17 66
15 22
26 20
18 58
48 55
63 20
1 12
40 21
33 9
26 26
7 32
19 47
59 39
62 54
2 61
50 12
1 18
31 31
28 54
2 46
27 36
29 17
20 54
45 14
47 39
59 49
63 18
0 8
19 31
25 62
39 69
2 65
20 33
60 9
19 7
56 46
8 0
33 14
46 8
22 40
27 33
33 61
45 69
40 44
14 29
46 66
12 16
2 30
22 35
16 9
28 6
48 48
1 39
25 20
11 44
61 26
59 36
48 62
52 43
19 20
31 34
7 3
16 7
48 46
10 7
5 35
6 6
8 55
41 46
50 39
50 53
12 65
2 47
32 45
40 25
14 1
32 61
3 22
29 2
19 54
7 11
39 15
7 42
57 40
56 25
17 44
25 26
11 68
44 49
56 3
11 8
40 29
36 63
27 68
40 11
60 47
60 5
12 32
41 38
54 45
34 23
4 34
49 17
59 15
16 25
14 36
2 39
12 23
8 64
3 65
63 17
55 47
57 19
28 62
10 64
18 14
7 56
46 19
11 39
61 22
19 59
23 12
25 4
0 52
6 23
5 7
37 65
41 17
10 63
0 58
6 46
14 50
40 49
36 65
16 68
0 28
40 27
35 27
58 24
48 20
4 21
14 12
32 49
13 66
43 4
54 32
52 61
18 28
23 51
36 10
3 57
31 49
51 11
3 5
10 45
14 43
30 23
56 26
26 56
33 41
31 20
46 58
63 67
7 27
4 31
57 69
10 26
20 35
7 47
59 47
55 49
0 47
19 26
50 59
6 58
33 38
42 6
63 0
33 59
27 6
3 49
10 15
54 15
50 36
29 47
34 30
25 49
16 2
51 66
2 10
9 59
9 14
7 37
29 16
57 44
30 5
47 32
6 42
40 34
52 30
28 17
34 55
63 58
53 39
56 42
32 5
10 35
60 3
60 29
17 54
37 36
19 43
47 37
28 38
45 9
54 13
36 44
3 26
17 15
3 60
29 56
37 20
49 6
52 58
24 4
1 30
41 18
54 8
26 24
59 51
61 16
42 58
18 50
33 10
60 49
20 63
14 47
21 58
62 18
55 66
48 40
52 56
10 20
45 59
5 33
15 63
17 65
57 57
20 1
25 61
21 28
54 68
51 2
35 53
56 52
16 53
28 26
43 41
53 56
31 39
43 13
29 32
16 56
62 42
45 27
37 60
20 55
11 31
55 40
52 31
27 22
12 39
30 68
12 42
63 1
18 65
13 34
8 41
47 30
43 18
55 59
15 16
13 27
32 27
15 3
32 4
16 66
20 3
47 24
63 57
6 56
6 18
40 59
63 49
39 1
20 57
16 30
10 28
61 60
16 4
58 3
30 61
25 24
58 56
13 35
23 21
37 50
41 65
4 27
18 9
55 4
54 43
35 7
26 47
49 1
63 2
4 42
16 35
12 51
63 25
61 12
19 25
26 35
9 9
4 53
27 53
31 40
44 7
35 47
57 46
44 36
18 23
26 21
30 44
28 28
62 0
4 44
2 14
1 33
55 27
16 29
14 53
58 18
56 36
20 56
2 17
62 58
13 10
44 40
58 69
45 22
10 30
27 0
50 10
30 16
48 43
35 58
44 47
47 63
4 0
21 5
10 62
45 13
4 66
35 37
60 17
58 19
18 47
12 14
55 16
46 43
32 6
51 38
33 4
23 38
57 9
10 41
37 23
55 62
63 55
54 66
20 34
12 17
35 44
20 66
5 58
51 69
29 10
10 57
12 20
23 7
56 40
58 31
52 46
60 34
27 67
31 54
6 29
3 62
35 10
58 11
53 44
44 27
54 53
46 7
59 29
36 46
24 48
42 16
55 63
52 40
34 21
52 27
34 10
39 4
48 36
29 30
11 52
36 57
30 4
8 40
55 8
20 15
15 57
44 44
35 0
59 54
59 20
47 49
27 5
17 41
33 5
6 22
18 22
45 53
50 5
39 17
39 38
9 18
61 38
44 42
34 36
32 12
12 19
19 48
43 23
61 43
30 29
60 45
16 67
52 10
29 7
26 32
37 21
2 19
7 69
15 7
6 10
26 23
30 49
18 15
47 16
38 66
16 44
25 42
32 46
1 53
61 30
7 14
12 69
46 3
55 17
21 61
16 43
41 0
34 45
5 20
4 41
26 4
22 15
32 36
32 32
13 5
9 62
63 34
41 42
50 66
29 19
39 62
39 33
38 50
9 24
4 61
0 69
23 26
60 46
9 8
16 32
33 19
5 10
23 68
18 51
24 30
59 4
49 14
38 18
40 40
63 37
44 53
41 39
3 19
52 55
37 15
60 4
29 24
1 50
61 53
19 33
41 62
24 63
41 64
27 34
50 44
48 13
4 20
19 50
27 15
20 49
9 31
54 30
22 19
46 11
36 56
56 47
43 37
21 68
28 66
62 67
9 45
4 11
7 66
0 57
49 18
59 69
7 10
8 62
55 58
30 51
0 68
25 22
1 0
8 39
1 37
6 7
47 4
32 25
56 64
17 57
33 46
42 64
22 34
25 25
44 6
26 40
27 9
18 31
62 31
57 29
39 29
17 1
32 51
14 54
33 43
16 37
15 14
13 64
37 24
14 34
8 9
33 29
55 68
6 0
6 59
7 16
13 2
42 40
12 64
11 6
49 31
37 7
43 65
5 64
24 33
51 10
12 11
16 8
34 62
12 21
44 4
48 49
48 59
43 35
41 32
37 64
57 22
51 4
47 2
28 59
4 30
51 48
30 21
11 66
1 31
0 44
3 31
35 63
41 10
5 53
16 36
9 68
21 69
19 18
47 57
41 54
24 31
45 6
44 16
10 54
24 34
27 16
15 50
19 58
57 14
50 30
3 61
17 21
51 0
35 11
11 33
63 22
40 23
29 21
17 36
16 3
8 59
21 18
27 29
45 39
5 15
2 31
22 57
50 67
37 37
49 65
3 13
51 23
53 50
18 62
38 11
19 57
6 51
23 60
0 26
2 68
40 67
60 69
31 29
61 35
52 13
16 26
28 53
51 47
50 63
50 28
24 69
56 50
57 63
21 15
48 25
34 44
5 1
15 61
49 68
51 33
45 45
19 64
35 65
24 60
13 23
27 66
28 8
42 50
18 46
49 40
56 56
36 67
47 60
0 51
16 39
5 44
13 7
23 67
62 48
29 26
41 27
4 10
62 33
25 54
24 3
36 1
1 47
35 35
16 22
6 27
12 49
2 44
24 20
38 9
28 14
43 68
36 15
24 14
47 15
47 25
5 21
60 27
13 31
48 51
17 7
46 6
38 52
47 67
8 65
57 23
60 15
18 5
10 11
17 43
36 9
31 55
39 52
52 6
47 54
15 25
29 46
45 4
10 34
50 13
13 51
44 26
7 33
28 45
63 10
1 32
23 20
16 52
49 19
60 40
52 17
55 36
34 3
4 43
20 8
1 46
28 3
6 48
52 7
0 61
30 1
48 23
22 21
49 32
35 28
23 48
14 68
31 0
15 56
36 6
14 51
15 65
59 27
39 67
1 41
50 14
12 62
21 40
5 24
49 20
13 36
53 9
62 12
44 31
5 39
25 51
56 27
19 60
51 14
35 22
1 62
54 54
8 49
17 45
19 6
41 53
58 50
36 49
16 1
36 68
8 11
1 56
9 35
6 25
10 56
25 29
8 29
34 64
3 24
24 52
42 12
38 65
45 63
57 24
2 50
14 52
28 9
23 25
60 61
22 2
54 62