67 47 2581
49 15
41 33
17 18
7 9
41 19
9 7
31 35
37 28
12 10
6 0
16 44
54 7
29 16
23 24
12 19
8 7
20 26
51 23
54 40
29 1
58 31
63 33
8 28
32 3
32 46
45 25
9 15
22 14
66 29
15 32
4 0
61 46
19 36
1 13
10 23
42 45
51 14
10 7
19 31
32 33
46 26
57 25
11 0
64 0
60 14
47 8
24 5
66 44
0 15
45 24
6 2
2 11
3 2
37 32
20 28
56 37
7 34
28 27
36 30
49 44
3 27
37 12
53 3
15 12
17 15
57 17
39 3
27 39
13 31
20 29
30 11
11 17
14 44
36 45
44 36
30 29
23 23
51 31
42 25
48 46
62 23
38 38
38 3
35 3
31 38
18 37
4 29
47 41
64 28
59 32
52 42
41 13
26 18
2 0
31 39
22 9
15 16
66 30
22 16
59 8
28 41
35 27
13 28
40 10
52 28
36 14
39 30
42 14
51 42
66 4
30 1
35 31
29 34
41 34
49 20
50 4
9 22
11 2
61 6
50 16
15 43
33 20
13 35
34 8
14 14
56 38
64 37
33 1
35 28
36 32
47 46
16 16
19 0
16 34
63 23
61 36
27 46
50 14
35 25
37 7
17 4
22 23
33 6
7 6
53 37
0 40
29 7
10 34
41 16
44 9
10 38
21 43
18 21
25 42
60 31
41 14
66 0
61 21
33 13
17 22
32 23
30 22
19 20
38 14
39 28
6 15
32 16
15 35
55 6
30 34
32 27
56 24
14 13
47 28
24 16
33 38
58 4
44 35
21 8
8 2
20 17
45 36
61 35
24 8
14 21
54 39
34 0
40 8
36 28
14 5
9 35
26 26
60 0
48 36
34 19
2 5
31 30
24 39
20 45
23 17
57 27
44 38
42 4
44 8
34 12
10 6
60 36
7 21
24 46
24 17
51 44
25 20
31 20
22 27
49 26
43 36
41 15
1 28
36 24
51 9
63 15
46 32
38 15
58 36
38 2
20 34
5 17
27 23
34 15
39 41
22 45
0 37
31 17
37 14
13 26
50 45
13 30
6 12
55 28
12 40
1 43
65 0
8 3
46 2
41 28
15 8
42 39
60 26
25 26
8 21
47 32
43 30
63 3
49 6
13 23
45 14
1 5
16 29
32 41
22 15
36 15
41 46
42 16
29 19
29 44
17 42
66 8
28 10
40 37
41 18
55 21
11 12
16 24
23 37
63 11
29 23
30 31
60 35
37 2
66 16
66 20
44 20
24 25
51 6
4 46
62 12
5 23
63 40
17 9
61 9
29 5
33 26
6 20
59 30
40 43
42 15
36 40
55 18
59 22
18 11
24 32
23 31
40 16
5 24
53 17
39 44
61 28
54 4
57 41
34 17
56 22
38 18
58 5
53 10
3 28
65 1
1 7
48 45
15 7
26 22
1 26
36 23
7 8
14 37
7 27
59 38
63 31
49 45
63 39
19 21
35 0
45 42
34 46
52 17
52 1
26 35
31 1
59 18
21 28
55 40
0 19
1 42
39 15
36 12
38 8
27 17
64 34
51 39
12 16
42 42
26 8
52 3
51 20
62 1
62 38
19 3
56 27
56 14
30 42
18 44
9 10
24 40
57 2
52 20
24 45
52 26
52 22
23 18
0 32
15 18
18 42
58 0
41 9
29 21
50 30
10 26
52 43
12 37
33 16
0 14
61 17
26 44
56 30
2 36
46 38
2 16
4 4
63 17
65 12
6 10
65 11
32 29
21 7
57 12
4 18
1 39
45 22
50 9
62 11
29 22
2 9
44 28
60 6
5 20
63 18
47 23
46 37
12 23
66 42
45 46
44 31
60 42
51 11
3 29
0 31
45 3
9 34
12 26
38 21
1 0
32 38
36 1
63 19
0 41
56 41
52 16
10 31
53 18
46 17
66 15
15 41
19 43
15 34
38 22
4 6
10 24
11 38
46 33
59 29
45 12
2 29
44 34
46 19
56 13
58 34
3 22
64 24
60 11
5 36
42 46
5 9
57 46
9 45
53 33
27 18
6 3
63 10
20 0
39 13
18 27
35 20
40 12
34 39
6 26
12 35
65 41
43 21
26 7
25 40
34 43
9 37
45 0
21 40
34 9
45 39
3 36
58 21
49 34
44 18
61 33
47 4
34 6
45 27
27 32
1 20
63 2
49 43
29 12
9 43
23 34
20 2
54 29
58 32
21 46
65 32
35 30
40 34
33 21
37 10
28 24
62 8
47 40
14 38
64 19
18 33
6 30
66 38
57 6
59 2
2 23
63 8
14 15
11 28
32 1
57 0
38 43
39 20
8 45
52 46
50 13
7 5
11 19
60 21
24 22
39 10
10 41
62 42
59 33
66 10
3 34
8 15
49 17
56 9
66 2
48 42
49 3
10 30
24 31
32 39
46 15
2 39
25 32
10 0
45 11
56 31
17 33
25 38
5 38
52 8
28 3
0 0
34 18
13 7
0 33
13 8
26 15
42 43
3 31
16 19
40 5
34 21
60 9
39 7
41 26
10 33
7 39
6 34
54 0
49 14
19 46
19 44
46 30
9 38
61 1
50 32
33 24
49 10
63 25
3 14
37 18
32 45
13 29
25 12
48 39
62 29
40 2
15 14
49 16
45 43
54 31
47 5
6 23
39 16
57 3
12 38
59 45
19 39
41 25
55 39
47 31
42 24
53 26
4 21
27 26
62 30
4 25
25 43
36 10
33 23
46 42
6 40
21 18
15 36
58 6
27 19
10 29
29 0
10 22
36 20
28 2
59 13
13 2
24 35
57 40
0 16
3 25
55 46
42 30
19 23
14 30
63 6
57 30
30 21
52 12
43 45
42 12
60 12
25 39
36 33
58 43
66 35
11 34
57 24
12 43
28 14
8 25
14 2
26 31
30 45
49 38
8 17
20 39
22 12
42 10
52 9
63 44
5 12
48 8
31 3
33 25
64 15
27 41
26 29
29 25
22 19
8 43
25 37
38 33
1 9
4 2
47 29
28 7
43 0
7 7
18 8
35 42
27 28
19 4
38 25
29 36
9 16
60 46
37 37
64 1
4 45
21 11
29 31
37 35
59 31
42 9
19 33
20 22
42 21
66 26
60 22
48 5
9 36
26 41
48 11
51 18
60 8
21 44
30 15
35 39
50 11
25 25
45 15
10 44
30 16
35 29
39 36
64 22
22 20
24 15
38 11
25 21
27 1
49 46
0 42
25 9
0 46
7 2
48 14
15 3
66 23
66 22
65 7
30 24
19 11
59 37
15 37
18 9
11 32
53 1
4 23
49 5
58 12
14 23
30 19
50 41
16 38
64 4
51 5
48 4
30 38
15 27
55 29
27 43
46 12
10 20
2 8
57 21
20 7
43 17
57 23
27 33
52 0
15 31
11 36
58 42
24 9
29 45
53 29
56 46
33 22
65 3
27 27
60 28
6 44
16 8
31 45
21 37
31 23
64 14
6 39
13 44
5 26
0 5
64 42
5 22
18 4
47 18
15 30
25 6
3 8
25 0
65 2
60 30
6 11
9 2
57 1
7 10
27 5
38 10
11 8
21 33
62 35
55 24
54 28
0 27
23 36
34 28
41 32
1 11
39 25
51 27
62 40
4 5
66 9
32 0
63 29
11 37
29 13
56 23
5 43
14 6
55 43
49 27
30 32
66 46
22 0
24 27
45 10
60 41
55 15
31 4
53 12
4 20
17 6
48 29
7 4
55 4
43 18
20 13
38 30
41 29
10 4
40 36
43 38
25 5
14 29
39 17
31 2
47 3
35 36
29 32
28 25
27 35
11 33
56 4
28 8
62 45
1 40
41 8
9 32
8 42
38 20
54 9
21 36
34 3
3 43
32 6
51 0
62 6
47 12
0 25
31 12
51 43
33 41
32 42
53 13
19 24
36 46
28 23
9 20
3 23
2 42
37 5
47 35
4 11
9 0
41 1
40 17
25 2
4 1
8 20
55 12
29 43
66 24
52 4
36 11
30 3
45 2
34 42
11 40
48 27
61 22
65 16
2 19
5 44
16 18
34 20
40 45
6 32
64 10
55 30
57 35
20 30
20 21
1 38
49 9
30 13
18 31
18 1
22 46
19 5
6 4
31 32
61 15
4 10
19 8
52 11
14 33
30 20
5 11
55 14
26 32
22 33
17 25
63 45
63 22
18 17
60 44
32 11
9 29
22 31
25 1
39 1
8 41
39 11
31 9
60 34
58 2
40 26
38 5
22 6
10 37
40 22
35 22
54 21
11 16
44 16
55 23
38 34
47 0
25 14
34 26
52 35
19 28
8 38
6 46
36 29
64 31
57 22
24 26
51 46
62 32
6 36
50 1
61 41
37 30
45 7
58 13
14 12
57 19
16 37
17 28
20 23
33 3
39 45
66 39
66 21
63 34
44 26
11 43
56 17
6 31
55 8
41 38
10 19
26 0
64 35
11 44
23 45
50 29
62 15
56 21
42 23
53 20
46 16
54 23
59 1
20 44
54 17
34 45
3 4
15 33
23 21
2 28
4 43
21 38
2 24
18 39
59 10
50 31
19 40
62 37
9 41
1 16
6 5
16 43
40 15
57 36
29 24
7 41
49 12
11 39
0 3
30 26
25 15
65 13
36 22
42 1
58 25
40 31
13 41
16 1
37 33
25 28
32 28
30 33
55 26
52 33
51 16
10 17
0 22
10 12
38 6
2 46
21 26
18 41
65 9
50 42
42 40
13 27
44 40
7 38
24 7
59 7
11 27
58 19
66 43
28 0
50 6
49 32
29 10
2 25
43 43
42 17
40 28
64 23
30 10
5 14
1 6
60 43
24 23
60 32
11 35
20 43
0 44
24 21
35 24
44 46
59 39
32 36
36 27
28 26
27 8
53 27
14 43
3 45
31 10
46 28
23 1
54 13
63 46
50 46
8 44
60 16
45 38
16 36
6 16
66 28
21 6
59 21
8 31
5 31
35 38
5 34
23 9
22 42
37 23
54 2
9 21
61 25
39 22
63 5
19 42
18 29
37 3
57 28
10 5
21 42
51 38
53 39
33 5
18 30
41 6
23 0
12 22
29 42
35 6
55 42
36 37
58 23
44 44
48 33
40 20
27 42
14 40
50 17
47 34
29 15
44 14
41 42
9 39
28 29
7 42
37 43
25 10
32 22
63 41
9 24
31 15
9 14
6 42
11 46
26 36
44 4
24 28
30 23
55 5
43 44
37 19
19 1
65 44
46 21
11 45
46 9
60 25
8 12
2 27
55 11
34 34
15 0
18 7
34 29
45 37
59 40
2 3
48 44
48 1
47 33
54 44
30 7
64 13
31 16
55 9
25 19
26 42
59 16
31 29
20 40
58 7
43 20
0 24
0 39
30 5
13 13
6 21
35 2
25 18
44 5
12 5
47 13
53 32
40 42
22 11
16 40
30 17
23 11
39 31
16 25
7 22
6 9
14 20
36 39
36 8
4 14
44 45
7 25
54 27
50 18
12 8
24 13
29 38
41 35
11 26
26 17
64 26
21 13
57 10
59 43
10 43
15 22
46 22
58 35
52 37
6 22
11 30
35 7
49 29
45 34
54 22
54 15
38 31
47 14
15 9
57 15
33 28
26 6
59 41
8 33
31 34
36 21
54 34
44 21
26 39
59 23
34 40
5 40
46 25
16 0
12 31
48 15
7 24
6 24
10 1
51 33
64 7
54 41
57 8
18 38
59 12
8 27
50 27
33 29
37 42
62 33
55 22
16 2
50 33
44 10
26 11
22 39
3 9
6 6
32 2
17 44
24 3
56 3
11 21
59 6
8 23
8 40
54 3
54 19
52 30
46 1
32 25
38 29
57 26
11 29
24 19
44 0
39 32
2 35
55 1
3 7
7 32
18 16
58 14
63 28
17 37
56 45
32 9
43 16
35 46
40 27
46 27
54 1
62 25
65 8
39 46
12 15
65 38
20 42
57 39
48 26
11 24
33 42
44 3
14 9
35 45
50 28
14 32
63 13
51 34
59 34
32 20
10 45
29 27
56 44
3 26
42 6
54 32
17 43
36 42
53 44
37 16
66 31
24 20
10 32
61 44
9 11
8 37
14 11
38 4
7 17
45 30
66 13
47 11
42 19
52 15
23 15
4 37
16 13
51 26
15 2
23 28
17 12
27 11
45 44
10 16
44 2
62 28
20 3
57 42
35 43
48 3
59 46
7 28
55 31
24 6
56 43
58 33
40 44
43 15
40 41
18 34
51 28
18 26
0 17
16 26
48 43
12 13
39 35
22 22
51 4
22 8
7 16
5 30
48 35
16 10
43 46
31 0
7 11
45 8
21 41
18 20
3 1
9 31
13 17
41 43
37 38
34 13
26 38
22 13
47 9
42 3
16 9
26 20
47 30
9 42
1 37
27 3
33 35
15 39
39 37
14 16
39 5
8 9
47 42
63 9
53 4
27 4
21 1
59 9
41 40
64 18
65 42
48 34
65 33
26 12
61 42
47 43
58 40
38 32
44 41
45 1
16 31
54 37
63 30
20 11
3 24
7 18
25 33
49 40
60 4
3 30
29 4
56 19
42 37
53 40
57 44
30 46
31 44
24 33
16 35
1 46
33 4
43 7
17 10
60 40
18 24
32 26
2 6
21 17
41 7
21 27
18 46
42 28
17 20
34 23
1 22
10 8
46 44
60 2
18 22
25 17
60 20
40 39
23 22
53 46
50 25
26 19
39 0
12 2
46 7
63 4
43 11
21 10
20 18
26 10
59 24
15 40
26 21
58 24
28 19
56 16
18 3
63 12
47 10
52 39
41 3
29 6
2 20
38 1
44 15
57 43
44 30
43 25
8 14
17 34
14 8
39 24
53 7
0 30
46 35
1 35
8 0
1 33
45 17
60 1
52 6
19 9
17 2
27 21
4 17
24 10
2 32
37 44
45 18
6 13
4 8
17 41
49 23
3 21
2 18
65 19
51 15
36 41
1 1
37 34
16 45
13 1
22 32
41 27
30 18
66 19
17 39
42 27
8 30
11 11
38 13
44 1
46 39
55 38
53 19
50 22
11 15
15 10
9 25
64 27
20 9
57 34
16 11
17 7
49 11
28 37
52 24
53 34
19 18
11 42
23 38
12 32
65 5
29 8
59 5
19 10
45 21
51 8
49 2
43 1
23 46
14 31
18 35
6 29
52 13
27 24
24 11
29 29
66 32
33 37
5 25
23 12
23 7
5 8
18 23
0 12
40 38
11 5
16 12
29 40
64 5
13 25
38 37
36 3
13 11
64 41
12 46
0 1
34 31
37 39
5 39
47 24
5 18
7 30
64 25
52 25
10 28
31 24
54 33
28 22
0 11
60 18
20 41
19 35
44 6
27 9
1 41
3 46
22 29
55 33
51 35
53 43
3 44
41 30
52 2
61 0
47 39
22 10
1 19
58 29
44 17
29 41
23 8
54 35
56 42
50 21
23 10
0 28
52 36
50 40
48 30
19 6
14 18
10 2
0 9
35 23
23 6
50 15
54 12
0 10
12 14
42 33
37 36
35 33
52 23
37 15
36 31
62 14
4 42
46 4
24 44
46 0
17 14
28 31
52 27
65 29
9 18
28 43
4 36
37 17
1 17
6 35
33 40
35 32
56 10
20 38
17 36
49 31
24 41
28 46
60 37
30 30
0 43
62 26
21 32
5 5
10 42
35 18
43 42
43 13
42 7
7 35
0 21
28 45
24 37
12 41
32 24
66 41
56 32
37 20
52 32
11 9
19 22
36 38
56 5
49 24
40 6
41 37
4 32
34 2
17 8
18 19
7 20
2 37
63 0
64 16
39 8
14 10
60 45
9 5
26 27
23 40
53 16
63 38
34 32
4 24
49 37
13 46
53 31
9 17
3 11
2 45
45 5
66 12
31 41
16 23
50 39
53 25
15 15
31 37
62 39
53 28
65 40
58 46
38 36
46 31
38 46
32 30
45 32
27 6
1 44
19 19
4 15
60 23
45 40
66 18
28 44
66 14
37 0
0 35
5 27
33 2
49 35
18 12
53 5
31 33
51 3
14 7
26 24
44 23
27 12
1 45
57 31
27 14
35 4
28 32
21 0
54 38
24 4
31 11
26 1
33 12
10 15
62 36
0 2
54 24
51 32
35 34
29 39
42 38
6 27
40 0
48 2
25 24
36 2
39 2
8 13
34 5
31 14
9 4
41 36
21 39
31 28
43 41
39 6
33 36
22 34
50 38
47 25
3 38
2 13
43 23
57 33
3 16
13 3
63 16
44 24
28 11
51 29
18 13
8 8
27 20
33 32
53 0
53 11
26 28
6 25
13 37
25 30
40 13
62 3
32 18
5 33
65 37
30 40
61 11
23 41
29 46
28 21
41 12
34 38
15 6
61 12
13 33
45 33
56 28
48 21
43 9
48 23
46 34
56 26
35 11
53 2
58 3
0 8
59 26
60 38
45 31
65 10
13 21
2 15
54 26
5 41
12 45
31 31
20 24
52 38
22 5
28 4
48 25
37 41
58 26
1 14
54 25
61 29
62 7
7 31
55 10
5 46
32 21
14 28
12 11
26 33
23 39
1 2
23 2
15 21
26 37
17 17
65 45
8 26
23 44
50 44
20 14
12 30
61 27
57 9
43 26
2 1
31 36
46 5
12 28
62 41
42 13
15 46
6 14
4 31
14 22
27 34
41 24
34 1
51 12
32 35
5 4
20 37
34 25
62 22
28 36
23 25
22 35
36 44
2 44
22 18
28 35
31 42
47 27
5 15
23 27
15 1
47 15
33 17
60 29
31 46
38 0
52 19
32 4
33 19
16 32
19 13
14 42
51 22
30 14
23 35
1 27
38 19
50 35
33 14
51 36
12 1
52 5
36 0
14 27
55 2
49 0
19 16
56 1
64 6
46 20
12 33
37 25
45 23
61 40
44 42
20 46
2 22
42 20
9 26
2 41
52 18
15 13
2 43
45 20
19 2
42 2
39 34
4 44
35 14
6 19
5 2
42 44
52 21
43 10
30 35
43 19
64 2
48 7
57 38
6 43
20 31
65 34
2 7
10 21
27 30
60 7
13 43
24 2
21 31
62 5
17 32
13 9
3 18
20 16
57 29
48 0
55 36
34 27
65 17
25 36
64 38
21 12
42 34
49 22
8 39
63 43
50 2
25 8
9 28
37 29
20 1
50 37
52 34
34 4
9 27
49 7
5 6
4 7
8 18
32 43
6 7
42 32
17 30
14 35
28 17
6 8
1 4
39 4
56 34
37 8
36 4
2 38
40 21
32 37
48 37
24 12
33 30
36 16
47 37
4 38
63 7
47 17
10 46
21 4
37 11
30 4
0 36
35 17
54 6
29 2
5 19
11 31
41 44
33 11
34 22
22 30
48 24
6 38
61 32
51 25
40 29
9 19
26 30
65 26
11 13
29 20
30 8
37 13
10 14
11 1
66 1
4 41
12 6
39 23
20 35
47 1
41 11
53 30
2 21
17 38
44 13
57 14
38 44
22 38
33 44
1 3
26 9
43 28
65 22
16 4
12 18
64 17
45 28
13 18
11 41
48 17
23 19
59 15
15 25
13 32
12 36
40 25
33 31
53 36
55 37
51 40
40 14
66 36
25 16
2 34
13 5
40 1
56 33
31 43
6 37
26 3
48 18
12 25
54 16
2 17
24 34
31 7
45 26
43 22
39 14
61 3
4 12
48 9
50 12
58 27
19 15
0 45
49 39
54 14
31 22
0 4
53 8
10 10
8 46
59 27
49 13
3 0
54 30
43 27
42 0
56 20
57 11
4 19
16 20
51 45
32 7
21 14
61 2
3 32
25 31
9 30
4 33
44 12
23 29
34 44
9 9
63 35
33 27
34 35
4 40
32 10
40 32
14 26
10 40
13 4
32 17
64 11
7 15
20 36
2 14
21 20
0 26
13 12
39 39
24 18
28 30
35 12
46 29
7 33
51 13
18 25
27 22
45 6
61 45
44 11
14 41
58 37
47 26
7 29
29 33
55 13
25 44
56 35
11 4
50 10
61 30
45 41
3 10
29 11
43 32
21 30
59 4
54 36
43 8
19 45
45 4
2 33
63 27
29 37
64 30
0 7
59 19
14 36
1 30
31 21
20 27
7 12
3 6
17 45
11 7
41 23
5 3
61 23
14 34
30 28
33 7
46 13
31 26
8 36
43 2
46 24
60 39
3 40
41 22
28 5
41 10
26 46
9 33
22 28
14 46
62 46
52 40
41 31
57 45
48 19
1 31
2 4
41 21
13 19
22 21
51 30
42 35
39 27
23 20
48 12
16 17
7 3
32 40
39 43
39 12
9 13
4 16
39 38
8 35
15 23
2 26
61 16
64 39
40 35
3 20
51 7
62 2
29 30
62 31
65 21
25 45
4 27
55 25
55 45
30 39
13 6
62 16
28 33
4 39
41 2
43 40
58 30
19 27
38 28
55 27
50 19
26 16
27 44
49 19
27 36
53 24
52 29
38 26
43 29
2 31
40 19
5 45
58 22
64 33
12 44
12 34
49 1
48 41
30 0
40 9
48 16
38 35
30 12
2 12
36 17
28 28
8 24
16 22
11 25
56 39
40 30
54 18
50 7
3 37
59 25
46 40
38 41
5 32
26 4
47 38
12 24
17 16
56 12
57 4
4 30
1 29
21 22
23 33
37 45
56 0
13 38
53 14
7 36
58 39
61 10
61 31
20 12
58 8
42 41
13 15
56 40
26 13
41 20
28 42
64 36
58 41
25 11
19 41
39 42
66 3
44 32
10 39
64 45
65 20
55 0
19 38
42 5
33 39
17 3
48 6
8 11
34 16
48 10
58 28
10 35
13 24
9 44
30 44
7 37
40 4
62 21
61 18
24 24
63 21
50 5
29 26
47 36
11 20
59 28
30 37
55 34
35 26
27 37
20 33
63 36
26 23
15 29
17 0
54 10
48 38
30 36
13 40
49 36
41 0
61 39
31 5
39 21
52 14
46 18
1 32
22 3
45 35
35 44
8 6
64 20
58 16
57 5
6 18
12 21
62 43
42 11
62 20
14 19
34 10
17 31
28 1
41 4
35 37
48 13
23 32
19 34
61 5
61 20
22 24
60 33
52 10
61 13
52 31
28 12
19 29
54 5
21 29
9 8
38 45
22 25
5 10
17 21
13 45
5 35
1 10
53 35
33 45
56 6
1 15
8 22
45 13
35 35
46 6
43 31
12 7
50 36
9 23
4 35
44 7
6 17
59 44
66 33
22 43
36 25
55 7
22 41
46 14
37 9
46 36
18 14
17 29
38 17
47 21
26 5
1 12
65 23
61 7
38 7
55 17
57 16
23 4
13 16
7 1
12 39
8 5
12 3
16 42
15 4
36 13
4 28
36 43
13 0
65 35
26 45
15 11
16 5
54 45
28 40
55 44
19 37
43 3
29 18
62 10
32 5
59 17
57 37
36 35
16 46
3 35
37 31
29 3
62 27
7 46
47 2
4 22
16 6
20 4
13 14
30 25
34 41
17 1
42 31
20 5
16 21
54 46
65 39
22 44
55 3
45 9
15 44
8 29
0 29
42 26
46 46
19 12
40 3
35 16
61 43
59 36
57 13