30 17 481
1 12
24 10
4 1
16 3
21 14
21 0
5 8
9 9
21 16
26 0
0 15
3 10
10 7
21 9
16 10
11 16
0 11
13 11
11 14
15 5
10 13
28 3
16 11
2 12
11 0
9 4
4 10
16 13
22 8
23 1
2 15
3 1
19 13
16 0
23 11
15 11
7 15
23 16
4 11
24 6
26 12
25 14
7 7
4 14
8 10
21 6
25 3
28 5
7 6
1 9
1 16
23 6
25 10
13 16
21 1
8 4
10 9
9 0
18 11
27 7
1 1
11 3
12 14
15 10
29 5
9 3
28 8
24 12
28 10
24 0
22 12
1 2
19 5
27 4
24 2
15 6
3 3
7 0
5 2
27 14
20 5
23 4
4 16
10 6
19 16
15 12
22 10
17 8
3 11
15 13
23 12
9 16
25 15
13 0
14 7
25 9
12 5
8 7
12 10
19 8
24 14
20 4
24 4
14 14
21 8
3 8
6 13
28 13
15 8
4 6
26 2
7 16
13 10
16 1
13 2
25 6
6 8
16 2
20 13
4 7
25 7
23 5
0 10
7 5
13 7
14 3
19 12
4 13
14 13
22 7
10 2
16 4
8 14
18 6
18 8
11 10
9 10
24 8
7 11
6 3
6 6
2 2
1 8
29 10
24 11
10 14
23 10
7 13
19 4
13 5
21 2
3 14
17 3
5 3
22 2
22 5
18 10
27 16
1 14
16 5
11 1
1 5
16 14
5 16
5 10
9 6
14 10
20 0
4 4
9 5
22 9
3 16
3 5
24 3
26 1
19 1
21 7
29 15
22 15
1 3
9 7
29 4
4 15
25 2
7 14
29 12
18 5
10 10
3 7
26 16
12 4
5 1
3 6
9 8
11 15
12 15
14 2
29 3
1 6
9 1
8 5
18 12
14 8
11 9
27 6
15 1
27 0
0 14
26 9
22 6
28 1
14 6
6 0
18 1
11 13
2 6
4 12
28 14
28 16
24 7
26 4
4 8
3 0
9 14
12 9
6 7
20 12
20 6
2 10
22 16
20 3
24 5
11 11
1 4
17 16
2 8
11 5
29 11
18 14
25 4
6 1
26 5
29 1
23 13
10 5
15 3
19 11
21 5
11 2
4 3
6 4
21 15
1 0
1 15
6 2
5 5
19 0
5 11
8 1
0 6
20 10
13 3
17 0
1 11
3 9
16 6
17 6
12 6
5 15
18 7
12 7
13 15
24 15
0 4
26 13
18 9
2 9
12 11
28 4
10 12
17 4
29 7
16 7
12 12
11 4
16 9
13 1
23 15
1 10
19 10
21 11
8 2
24 9
16 15
29 8
10 0
7 10
15 16
17 11
22 11
11 8
12 3
13 6
4 0
0 7
27 2
20 14
28 11
7 3
9 12
11 7
25 13
20 15
27 15
8 11
15 7
25 1
11 12
21 3
27 11
19 6
25 11
29 0
0 9
14 4
5 7
19 7
29 6
27 8
19 14
22 4
0 0
29 13
2 4
0 5
9 15
10 11
6 15
0 12
8 9
17 7
10 16
1 7
0 8
20 8
3 15
1 13
20 9
22 0
0 3
12 16
23 9
6 5
28 9
26 8
21 4
27 5
3 13
20 11
2 5
14 15
22 1
19 3
13 4
19 9
12 0
28 2
2 14
7 8
3 2
18 15
29 2
8 0
25 8
26 10
21 13
26 11
29 16
0 13
18 13
17 13
2 0
12 1
8 3
7 9
0 1
17 5
20 2
15 15
8 8
23 2
27 9
7 12
18 2
22 14
8 15
0 2
14 1
17 12
25 16
5 0
26 3
20 7
5 9
18 3
14 16
9 11
28 0
8 16
12 8
17 14
11 6
2 11
5 4
6 16
10 8
18 16
17 1
27 10
28 12
16 8
7 4
27 1
3 12
23 0
27 12
15 2
26 6
17 15
23 8
4 2
24 1
13 14
8 12
5 14
15 9
10 1
22 3
19 2
17 9
14 12
15 0
2 1
26 7
10 15
7 1
6 11
16 12
25 12
8 13
15 4
4 5
17 10
12 13
9 2
8 6
23 14
6 14
13 12
6 9
18 4
6 12
19 15
12 2
3 4
13 9
25 0
9 13
23 7
10 3
10 4
14 0
26 14
20 1
5 13
18 0
2 3
14 9
21 10
25 5
29 14
22 13